+0000000000
+0017478890
-0025900000
+0000000000
+0000000000
+0000000000
+0001000000
+0000033333
00
-0000000246
+0017105556
-0025900000
+0000000000
+0000000000
+0000000000
+0001000000
+0000100000
00
-0000000877
+0016950000
-0025900536
+0000000000
+0000000000
+0000000000
+0001000000
+0000033333
00
-0000003120
+0016761391
-0025902878
+0000000000
+0000000000
+0000000000
+0001000000
+0000033630
00
-0000007999
+0016543335
-0025908178
+0000000000
+0000000000
+0000000000
+0001000000
+0000033333
00
-0000019234
+0016216959
-0025920558
+0000000000
+0000000000
+0000000000
+0001000000
+0000042251
00
-0000035416
+0015885057
-0025939332
+0000000000
+0000000000
+0000000000
+0001000000
+0000037789
00
-0000052195
+0015497947
-0025971200
+0000000000
+0000000000
+0000000000
+0001000000
+0000039181
00
-0000061180
+0015137506
-0026011872
+0000000000
+0000000000
+0000000000
+0001000000
+0000033333
00
-0000052802
+0014633492
-0026077414
+0000000000
+0000000000
+0000000000
+0001000000
+0000042035
00
-0000026232
+0014202707
-0026138294
+0000000000
+0000000000
+0000000000
+0001000000
+0000033333
00
+0000006768
+0013740811
-0026194550
+0000000000
+0000000000
+0000000000
+0001000000
+0000033333
00
+0000039769
+0013247805
-0026245696
+0000000000
+0000000000
+0000000000
+0001000000
+0000033333
00
+0000072770
+0012723686
-0026296840
+0000000000
+0000000000
+0000000000
+0001000000
+0000033333
00
+0000105772
+0012168457
-0026347986
+0000000000
+0000000000
+0000000000
+0001000000
+0000033333
00
+0000138773
+0011582116
-0026399132
+0000000000
+0000000000
+0000000000
+0001000000
+0000033333
00
+0000171774
+0010853047
-0026450278
+0000000000
+0000415139
+0000000000
+0000909757
+0000033333
00
+0000171774
+0010853047
-0026450278
+0000000000
+0000755352
+0000000000
+0000655318
+0000038985
00
+0000171774
+0010853047
-0026450278
+0000000000
+0000959236
+0000000000
+0000282604
+0000042416
00
+0000171774
+0010853047
-0026450278
+0000000000
+0000959236
+0000000000
+0000282604
+0000033333
00
+0000171774
+0010853047
-0026450278
+0000000000
+0000959236
+0000000000
+0000282604
+0000035205
00
+0000171774
+0010853047
-0026450278
+0000000000
+0000959236
+0000000000
+0000282604
+0000033333
00
+0000171774
+0010853047
-0026450278
+0000000000
+0000959236
+0000000000
+0000282604
+0000033333
00
+0000171774
+0010853047
-0026450278
+0000000000
+0000959236
+0000000000
+0000282604
+0000033333
00
+0000171774
+0010853047
-0026450278
+0000000000
+0000959236
+0000000000
+0000282604
+0000033333
00
+0000171774
+0010853047
-0026450278
+0000000000
+0000959236
+0000000000
+0000282604
+0000036566
00
+0000171774
+0010853047
-0026450278
+0000000000
+0000959236
+0000000000
+0000282604
+0000033333
00
+0000171188
+0010853048
-0026447726
+0000000000
+0000730172
+0000000000
+0000683262
+0000034572
00
+0000168255
+0010853047
-0026434952
+0000000000
+0000486517
+0000000000
+0000873670
+0000033333
00
+0000156218
+0010853046
-0026382530
+0000000000
+0000296585
+0000000000
+0000955006
+0000033333
00
+0000172636
+0010853047
-0026228066
+0000000000
+0000216660
+0000000000
+0000976246
+0000048957
00
+0000192291
+0010853047
-0026069648
+0000000000
+0000165404
+0000000000
+0000986225
+0000033333
00
+0000232624
+0010853047
-0025844924
+0000000000
+0000139915
+0000000000
+0000990163
+0000033333
00
+0000286402
+0010853047
-0025545288
+0000000000
+0000122870
+0000000000
+0000992422
+0000033333
00
+0000355545
+0010853047
-0025160044
+0000000000
+0000111486
+0000000000
+0000993765
+0000033333
00
+0000441974
+0010853047
-0024678488
+0000000000
+0000103889
+0000000000
+0000994588
+0000033333
00
+0000544409
+0010853047
-0024107754
+0000000000
+0000098820
+0000000000
+0000995105
+0000033333
00
+0000651983
+0010853047
-0023535840
+0000000000
+0000096822
+0000000000
+0000995301
+0000033333
00
+0000759557
+0010853047
-0022963928
+0000000000
+0000095486
+0000000000
+0000995430
+0000033333
00
+0000901543
+0011878057
-0022281424
+0000000000
+0000101045
+0000000000
+0000994881
+0000039588
04
+0001010443
+0012709996
-0021759326
+0000000000
+0000101045
+0000000000
+0000994881
+0000033333
04
+0001121430
+0013510824
-0021237668
+0000000000
+0000101045
+0000000000
+0000994881
+0000033333
04
+0001236074
+0014280541
-0020716802
+0000000000
+0000101045
+0000000000
+0000994881
+0000033333
04
+0001366436
+0015089129
-0020145158
+0000000000
+0000101045
+0000000000
+0000994881
+0000036644
04
+0001488780
+0015793533
-0019626048
+0000000000
+0000101045
+0000000000
+0000994881
+0000033333
04
+0001614721
+0016466827
-0019107798
+0000000000
+0000101045
+0000000000
+0000994881
+0000033333
04
+0001744101
+0017109008
-0018590394
+0000000000
+0000101045
+0000000000
+0000994881
+0000033333
04
+0001877059
+0017720080
-0018073900
+0000000000
+0000101045
+0000000000
+0000994881
+0000033333
04
+0002012917
+0018300040
-0017558160
+0000000000
+0000101045
+0000000000
+0000994881
+0000033333
04
+0002165417
+0018923704
-0016966412
+0000000000
+0000101045
+0000000000
+0000994881
+0000038192
04
+0002289318
+0019436906
-0016447670
+0000000000
+0000101045
+0000000000
+0000994881
+0000033333
04
+0002444053
+0020104468
-0015704329
+0000000000
+0000101045
+0000000000
+0000994881
+0000047454
04
+0002536440
+0020542266
-0015179058
+0000000000
+0000101045
+0000000000
+0000994881
+0000033333
04
+0002610779
+0020948956
-0014650931
+0000000000
+0000101045
+0000000000
+0000994881
+0000033333
04
+0002666102
+0021324534
-0014120475
+0000000000
+0000101045
+0000000000
+0000994881
+0000033333
04
+0002701738
+0021669000
-0013588333
+0000000000
+0000101045
+0000000000
+0000994881
+0000033333
04
+0002717897
+0021982356
-0013055244
+0000000000
+0000101045
+0000000000
+0000994881
+0000033333
04
+0002713869
+0022379814
-0012261485
+0000000000
+0000101045
+0000000000
+0000994881
+0000049610
04
+0002693047
+0022615756
-0011728559
+0000000000
+0000101045
+0000000000
+0000994881
+0000033333
04
+0002643779
+0022891150
-0010961586
+0000000000
+0000101045
+0000000000
+0000994881
+0000048034
04
+0002580504
+0023120150
-0010093651
+0000000000
+0000101045
+0000000000
+0000994881
+0000054389
04
+0002529508
+0023250908
-0009394152
+0000000000
+0000101045
+0000000000
+0000994881
+0000043834
04
+0002490729
+0023319230
-0008862230
+0000000000
+0000101045
+0000000000
+0000994881
+0000033333
04
+0002451950
+0023356440
-0008330309
+0000000000
+0000101045
+0000000000
+0000994881
+0000033333
04
+0002413176
+0023362540
-0007798532
+0000000000
+0000101045
+0000000000
+0000994881
+0000033333
04
+0002371515
+0023333130
-0007227750
+0000000000
+0000101045
+0000000000
+0000994881
+0000035840
04
+0002332840
+0023274668
-0006699276
+0000000000
+0000101045
+0000000000
+0000994881
+0000033333
04
+0002294285
+0023185092
-0006174788
+0000000000
+0000101045
+0000000000
+0000994881
+0000033333
04
+0002255910
+0023064408
-0005656298
+0000000000
+0000101045
+0000000000
+0000994881
+0000033333
04
+0002213033
+0022889320
-0005082600
+0000000000
+0000101045
+0000000000
+0000994881
+0000037489
04
+0002159815
+0022608358
-0004379959
+0000000000
+0000101045
+0000000000
+0000994881
+0000046946
04
+0002122461
+0022377756
-0003895455
+0000000000
+0000101045
+0000000000
+0000994881
+0000033333
04
+0002085647
+0022116042
-0003428942
+0000000000
+0000101045
+0000000000
+0000994881
+0000033333
04
+0002049474
+0021823216
-0002983754
+0000000000
+0000101045
+0000000000
+0000994881
+0000033333
04
+0002013941
+0021499280
-0002559891
+0000000000
+0000101045
+0000000000
+0000994881
+0000033333
04
+0001967713
+0021015494
-0002026575
+0000000000
+0000101045
+0000000000
+0000994881
+0000044162
04
+0001933461
+0020619226
-0001645360
+0000000000
+0000101045
+0000000000
+0000994881
+0000033333
04
+0001886946
+0020011232
-0001147295
+0000000000
+0000101045
+0000000000
+0000994881
+0000046131
04
+0001853975
+0019540800
-0000808729
+0000000000
+0000101045
+0000000000
+0000994881
+0000033333
04
+0001820342
+0019017744
-0000478704
+0000000000
+0000101045
+0000000000
+0000994881
+0000034676
04
+0001785372
+0018425002
-0000152149
+0000000000
+0000101045
+0000000000
+0000994881
+0000036784
04
+0001754323
+0017856760
+0000122444
+0000000000
+0000101045
+0000000000
+0000994881
+0000033333
04
+0001723915
+0017257408
+0000375712
+0000000000
+0000101045
+0000000000
+0000994881
+0000033333
04
+0001694147
+0016626945
+0000607657
+0000000000
+0000101045
+0000000000
+0000994881
+0000033333
04
+0001665019
+0015965371
+0000818277
+0000000000
+0000101045
+0000000000
+0000994881
+0000033333
04
+0001626089
+0015003137
+0001076974
+0000000000
+0000101045
+0000000000
+0000994881
+0000045554
04
+0001598242
+0014267934
+0001244945
+0000000000
+0000101045
+0000000000
+0000994881
+0000033333
04
+0001562611
+0013411245
+0001407979
+0000000000
+0000101045
+0000000000
+0000994881
+0000037094
04
+0001523956
+0012610310
+0001533076
+0000000000
+0000101045
+0000000000
+0000994881
+0000033333
04
+0001471637
+0011778263
+0001638975
+0000000000
+0000101045
+0000000000
+0000994881
+0000033333
04
+0001360045
+0010853047
+0001786838
+0000000000
-0000040260
+0000000000
+0000999188
+0000051393
04
+0000846641
+0010853047
+0001583191
+0000000000
-0000344385
+0000000000
+0000938827
+0000033333
00
+0000244659
+0010853047
+0001565108
+0000000000
-0000480473
+0000000000
+0000877009
+0000037889
00
-0000288449
+0010853047
+0001549094
+0000000000
-0000565412
+0000000000
+0000824807
+0000033333
00
-0000821558
+0010853047
+0001533081
+0000000000
-0000618966
+0000000000
+0000785416
+0000033333
00
-0001354667
+0010853047
+0001517067
+0000000000
-0000653164
+0000000000
+0000757216
+0000033333
00
-0001939761
+0010853048
+0001359208
+0000000000
-0000703438
+0000000000
+0000710755
+0000037091
00
-0002463396
+0010853047
+0001144881
+0000000000
-0000749097
+0000000000
+0000662458
+0000033333
00
-0002837654
+0010853046
+0000376768
+0000000000
-0000848158
+0000000000
+0000529741
+0000050729
00
-0002821693
+0010853048
-0000154615
+0000000000
-0000933338
+0000000000
+0000358996
+0000033333
00
-0002087253
+0010853047
-0000558998
+0000000000
-0000997764
+0000000000
+0000066829
+0000048997
00
-0001565403
+0010853047
-0000812706
+0000000000
-0000989964
+0000000000
-0000141317
+0000033333
00
-0000835189
+0010853047
-0001135660
+0000000000
-0000959118
+0000000000
-0000283005
+0000046230
00
-0000308690
+0010853047
-0001368516
+0000000000
-0000927292
+0000000000
-0000374337
+0000033333
00
+0000387639
+0010853047
-0001631722
+0000000000
-0000897223
+0000000000
-0000441576
+0000043874
00
+0000918269
+0010853047
-0001826463
+0000000000
-0000873680
+0000000000
-0000486500
+0000033333
00
+0001613801
+0011979179
-0002083959
+0000000000
-0000790703
+0000000000
-0000612198
+0000043687
04
+0002114177
+0012807293
-0002268536
+0000000000
-0000790703
+0000000000
-0000612198
+0000033333
04
+0002615015
+0013604296
-0002451854
+0000000000
-0000790703
+0000000000
-0000612198
+0000033333
04
+0003116731
+0014370187
-0002632758
+0000000000
-0000790703
+0000000000
-0000612198
+0000033333
04
+0003654750
+0015154387
-0002823732
+0000000000
-0000790703
+0000000000
-0000612198
+0000035681
04
+0004158239
+0015855865
-0002999638
+0000000000
-0000790703
+0000000000
-0000612198
+0000033333
04
+0004907030
+0016828796
-0003257246
+0000000000
-0000790703
+0000000000
-0000612198
+0000049491
04
+0005412143
+0017452970
-0003428434
+0000000000
-0000790703
+0000000000
-0000612198
+0000033333
04
+0005930708
+0018060126
-0003601640
+0000000000
-0000790703
+0000000000
-0000612198
+0000034170
04
+0006437280
+0018621296
-0003768461
+0000000000
-0000790703
+0000000000
-0000612198
+0000033333
04
+0007219428
+0019410540
-0004014680
+0000000000
-0000790703
+0000000000
-0000612198
+0000051249
04
+0007790084
+0019945288
-0004186404
+0000000000
-0000790703
+0000000000
-0000612198
+0000037245
04
+0008135763
+0020392752
-0004333843
+0000000000
-0000707106
+0000000000
-0000707106
+0000033333
02
+0008135763
+0020281642
-0004333843
+0000000000
-0000707106
+0000000000
-0000707106
+0000033333
02
+0008135763
+0020149606
-0004333843
+0000000000
-0000790703
+0000000000
+0000612198
+0000036336
03
+0007748908
+0021018496
-0004434002
+0000000000
-0000790703
+0000000000
+0000612198
+0000033333
03
+0007362431
+0021856274
-0004534148
+0000000000
-0000790703
+0000000000
+0000612198
+0000033333
03
+0006946965
+0022720940
-0004641807
+0000000000
-0000790703
+0000000000
+0000612198
+0000035833
03
+0006560488
+0023494162
-0004741954
+0000000000
-0000790703
+0000000000
+0000612198
+0000033333
03
+0006174011
+0024236272
-0004842101
+0000000000
-0000790703
+0000000000
+0000612198
+0000033333
03
+0005647380
+0025189740
-0004978565
+0000000000
-0000790703
+0000000000
+0000612198
+0000045421
03
+0005260903
+0025858346
-0005078712
+0000000000
-0000790703
+0000000000
+0000612198
+0000033333
03
+0004874426
+0026495840
-0005178859
+0000000000
-0000790703
+0000000000
+0000612198
+0000033333
03
+0004480517
+0027113276
-0005280932
+0000000000
-0000790703
+0000000000
+0000612198
+0000033974
03
+0004094040
+0027687950
-0005381078
+0000000000
-0000790703
+0000000000
+0000612198
+0000033333
03
+0003707562
+0028231514
-0005481225
+0000000000
-0000790703
+0000000000
+0000612198
+0000033333
03
+0003320567
+0028744458
-0005581372
+0000000000
-0000790703
+0000000000
+0000612198
+0000033367
03
+0002933108
+0029225768
-0005680770
+0000000000
-0000790703
+0000000000
+0000612198
+0000033333
03
+0002543627
+0029675966
-0005778814
+0000000000
-0000790703
+0000000000
+0000612198
+0000033333
03
+0002035485
+0030544856
-0005450100
+0000000000
-0000477936
+0000000000
+0000878393
+0000033333
04
+0001468844
+0031594512
-0005083544
+0000000000
-0000477936
+0000000000
+0000878393
+0000042179
04
+0000770623
+0032811374
-0004633076
+0000000000
-0000477936
+0000000000
+0000878393
+0000051932
04
+0000321750
+0033561312
-0004345052
+0000000000
-0000477936
+0000000000
+0000878393
+0000033333
04
-0000128768
+0034280144
-0004059613
+0000000000
-0000477936
+0000000000
+0000878393
+0000033333
04
-0000581991
+0034967860
-0003778482
+0000000000
-0000477936
+0000000000
+0000878393
+0000033333
04
-0001041064
+0035624464
-0003507010
+0000000000
-0000477936
+0000000000
+0000878393
+0000033333
04
-0001505653
+0036249960
-0003245091
+0000000000
-0000477936
+0000000000
+0000878393
+0000033333
04
-0001975385
+0036844344
-0002992512
+0000000000
-0000477936
+0000000000
+0000878393
+0000033333
04
-0002449910
+0037407620
-0002749057
+0000000000
-0000477936
+0000000000
+0000878393
+0000033333
04
-0002928896
+0037939780
-0002514500
+0000000000
-0000477936
+0000000000
+0000878393
+0000033333
04
-0003513979
+0038538608
-0002240948
+0000000000
-0000477936
+0000000000
+0000878393
+0000040367
04
-0004000970
+0039001984
-0002023500
+0000000000
-0000477936
+0000000000
+0000878393
+0000033333
04
-0004491546
+0039434248
-0001814262
+0000000000
-0000477936
+0000000000
+0000878393
+0000033333
04
-0004985446
+0039835400
-0001612998
+0000000000
-0000477936
+0000000000
+0000878393
+0000033333
04
-0005482431
+0040205440
-0001419477
+0000000000
-0000477936
+0000000000
+0000878393
+0000033333
04
-0005980533
+0040544372
-0001228849
+0000000000
-0000477936
+0000000000
+0000878393
+0000033333
04
-0006135764
+0040859632
-0001033080
+0000000000
-0000707106
+0000000000
+0000707106
+0000034231
02
-0006135764
+0040748520
-0001033080
+0000000000
-0000707106
+0000000000
+0000707106
+0000033333
02
-0006135764
+0040613448
-0001033080
+0000000000
+0000477935
+0000000000
+0000878394
+0000036751
03
-0005729243
+0041657240
-0000770104
+0000000000
+0000477935
+0000000000
+0000878394
+0000040347
03
-0005393389
+0042488472
-0000552842
+0000000000
+0000477935
+0000000000
+0000878394
+0000033333
03
-0005057535
+0043288592
-0000335581
+0000000000
+0000477935
+0000000000
+0000878394
+0000033333
03
-0004721682
+0044057600
-0000118319
+0000000000
+0000477935
+0000000000
+0000878394
+0000033333
03
-0004301184
+0044971652
+0000153697
+0000000000
+0000477935
+0000000000
+0000878394
+0000041734
03
-0003965331
+0045670600
+0000370958
+0000000000
+0000477935
+0000000000
+0000878394
+0000033333
03
-0003629478
+0046338436
+0000588219
+0000000000
+0000477935
+0000000000
+0000878394
+0000033333
03
-0003293624
+0046975160
+0000805481
+0000000000
+0000477935
+0000000000
+0000878394
+0000033333
03
-0002957771
+0047580772
+0001022742
+0000000000
+0000477935
+0000000000
+0000878394
+0000033333
03
-0002621918
+0048155272
+0001240004
+0000000000
+0000477935
+0000000000
+0000878394
+0000033333
03
-0002285755
+0048698664
+0001457150
+0000000000
+0000477935
+0000000000
+0000878394
+0000033333
03
-0001948418
+0049210944
+0001673803
+0000000000
+0000477935
+0000000000
+0000878394
+0000033333
03
-0001608728
+0049692112
+0001889470
+0000000000
+0000477935
+0000000000
+0000878394
+0000033333
03
-0000899140
+0050747476
+0001590634
+0000000000
+0000833103
+0000000000
+0000553115
+0000040815
04
-0000407616
+0051578268
+0001383634
+0000000000
+0000833103
+0000000000
+0000553115
+0000033333
04
+0000193655
+0052548012
+0001130415
+0000000000
+0000833103
+0000000000
+0000553115
+0000040776
04
+0000743130
+0053395332
+0000899009
+0000000000
+0000833103
+0000000000
+0000553115
+0000037263
04
+0001234654
+0054122180
+0000692009
+0000000000
+0000833103
+0000000000
+0000553115
+0000033333
04
+0001783356
+0054894812
+0000460928
+0000000000
+0000833103
+0000000000
+0000553115
+0000037211
04
+0002274880
+0055555820
+0000253928
+0000000000
+0000833103
+0000000000
+0000553115
+0000033333
04
+0002845778
+0056281596
+0000013501
+0000000000
+0000833103
+0000000000
+0000553115
+0000038716
04
+0003337417
+0056875356
-0000193224
+0000000000
+0000833103
+0000000000
+0000553115
+0000033333
04
+0003894735
+0057508044
-0000426481
+0000000000
+0000833103
+0000000000
+0000553115
+0000037760
04
+0004388066
+0058035448
-0000629137
+0000000000
+0000833103
+0000000000
+0000553115
+0000033333
04
+0005088108
+0058720272
-0000913726
+0000000000
+0000833103
+0000000000
+0000553115
+0000047229
04
+0005582175
+0059172484
-0001114579
+0000000000
+0000833103
+0000000000
+0000553115
+0000033333
04
+0006076243
+0059593584
-0001315433
+0000000000
+0000833103
+0000000000
+0000553115
+0000033333
04
+0006570310
+0059983576
-0001516286
+0000000000
+0000833103
+0000000000
+0000553115
+0000033333
04
+0007064377
+0060342456
-0001717140
+0000000000
+0000833103
+0000000000
+0000553115
+0000033333
04
+0007604198
+0060697428
-0001936594
+0000000000
+0000833103
+0000000000
+0000553115
+0000036420
04
+0008098263
+0060991208
-0002137447
+0000000000
+0000833103
+0000000000
+0000553115
+0000033333
04
+0008135761
+0061253872
-0002338298
+0000000000
+0000707106
+0000000000
+0000707106
+0000033333
02
+0008135761
+0061126916
-0002338298
+0000000000
+0000707106
+0000000000
+0000707106
+0000035630
02
+0008135761
+0061015804
-0002338298
+0000000000
+0000707106
+0000000000
+0000707106
+0000033333
02
+0008135761
+0060838444
-0002338298
+0000000000
+0000833103
+0000000000
-0000553116
+0000042113
03
+0007767118
+0061707332
-0002493548
+0000000000
+0000833103
+0000000000
-0000553116
+0000033333
03
+0007398475
+0062545108
-0002648798
+0000000000
+0000833103
+0000000000
-0000553116
+0000033333
03
+0007029833
+0063351776
-0002804048
+0000000000
+0000833103
+0000000000
-0000553116
+0000033333
03
+0006661190
+0064127336
-0002959298
+0000000000
+0000833103
+0000000000
-0000553116
+0000033333
03
+0006292547
+0064871780
-0003114548
+0000000000
+0000833103
+0000000000
-0000553116
+0000033333
03
+0005923904
+0065585112
-0003269798
+0000000000
+0000833103
+0000000000
-0000553116
+0000033333
03
+0005490768
+0066379936
-0003452128
+0000000000
+0000833103
+0000000000
-0000553116
+0000039146
03
+0005120965
+0067025620
-0003607059
+0000000000
+0000833103
+0000000000
-0000553116
+0000033333
03
+0004748848
+0067640200
-0003761221
+0000000000
+0000833103
+0000000000
-0000553116
+0000033333
03
+0004361269
+0068240688
-0003918819
+0000000000
+0000833103
+0000000000
-0000553116
+0000034362
03
+0003979510
+0068792080
-0004069716
+0000000000
+0000833103
+0000000000
-0000553116
+0000033333
03
+0003467623
+0069462408
-0004263767
+0000000000
+0000833103
+0000000000
-0000553116
+0000043765
03
+0003066935
+0069941840
-0004407173
+0000000000
+0000833103
+0000000000
-0000553116
+0000033333
03
+0002652330
+0070390160
-0004544749
+0000000000
+0000833103
+0000000000
-0000553116
+0000033333
03
+0002192307
+0070832280
-0004683491
+0000000000
+0000833103
+0000000000
-0000553116
+0000035495
03
+0001739687
+0071216360
-0004805145
+0000000000
+0000833103
+0000000000
-0000553116
+0000033333
03
+0001266449
+0071569336
-0004918164
+0000000000
+0000833103
+0000000000
-0000553116
+0000033333
03
+0000772593
+0071891200
-0005022547
+0000000000
+0000833103
+0000000000
-0000553116
+0000033333
03
+0000219363
+0072201328
-0005125508
+0000000000
+0000833103
+0000000000
-0000553116
+0000035844
03
-0000307040
+0072458616
-0005211205
+0000000000
+0000833103
+0000000000
-0000553116
+0000033333
03
-0000921792
+0072715968
-0005297807
+0000000000
+0000833103
+0000000000
-0000553116
+0000038801
03
-0001513034
+0072924056
-0005369709
+0000000000
+0000833103
+0000000000
-0000553116
+0000037224
03
-0002045160
+0073792944
-0005179953
+0000000000
+0000576245
+0000000000
-0000817275
+0000033333
04
-0002602281
+0074717328
-0004983224
+0000000000
+0000576245
+0000000000
-0000817275
+0000036927
04
-0003209424
+0075677832
-0004772098
+0000000000
+0000576245
+0000000000
-0000817275
+0000040175
04
-0003714039
+0076443648
-0004599450
+0000000000
+0000576245
+0000000000
-0000817275
+0000033333
04
-0004229570
+0077190336
-0004430773
+0000000000
+0000576245
+0000000000
-0000817275
+0000033901
04
-0004738580
+0077893400
-0004271548
+0000000000
+0000576245
+0000000000
-0000817275
+0000033333
04
-0005249545
+0078565352
-0004118710
+0000000000
+0000576245
+0000000000
-0000817275
+0000033333
04
-0005791449
+0079240728
-0003963718
+0000000000
+0000576245
+0000000000
-0000817275
+0000035227
04
-0006305887
+0079848696
-0003823012
+0000000000
+0000576245
+0000000000
-0000817275
+0000033333
04
-0006975765
+0080585552
-0003647833
+0000000000
+0000576245
+0000000000
-0000817275
+0000043275
04
-0007526009
+0081153952
-0003510266
+0000000000
+0000576245
+0000000000
-0000817275
+0000035448
04
-0008044734
+0081657328
-0003386293
+0000000000
+0000576245
+0000000000
-0000817275
+0000033333
04
-0008564673
+0082129592
-0003267518
+0000000000
+0000576245
+0000000000
-0000817275
+0000033333
04
-0009085733
+0082570744
-0003153760
+0000000000
+0000576245
+0000000000
-0000817275
+0000033333
04
-0009707040
+0083051672
-0003024144
+0000000000
+0000576245
+0000000000
-0000817275
+0000039667
04
-0010230085
+0083424688
-0002919894
+0000000000
+0000576245
+0000000000
-0000817275
+0000033333
04
-0010754008
+0083766600
-0002820147
+0000000000
+0000576245
+0000000000
-0000817275
+0000033333
04
-0011390999
+0084135808
-0002704329
+0000000000
+0000576245
+0000000000
-0000817275
+0000040464
04
-0011916473
+0084408840
-0002613108
+0000000000
+0000576245
+0000000000
-0000817275
+0000033333
04
-0012597150
+0084709984
-0002500315
+0000000000
+0000576245
+0000000000
-0000817275
+0000043122
04
-0013147377
+0084919184
-0002413307
+0000000000
+0000576245
+0000000000
-0000817275
+0000034816
04
-0013823170
+0085124752
-0002311359
+0000000000
+0000576245
+0000000000
-0000817275
+0000042714
04
-0014512217
+0085281136
-0002212225
+0000000000
+0000576245
+0000000000
-0000817275
+0000043508
04
-0015040603
+0085369832
-0002139750
+0000000000
+0000576245
+0000000000
-0000817275
+0000033333
04
-0015870648
+0085432408
-0002031250
+0000000000
+0000576245
+0000000000
-0000817275
+0000052319
04
-0016399887
+0085441168
-0001965283
+0000000000
+0000576245
+0000000000
-0000817275
+0000033333
04
-0017089638
+0085398016
-0001877385
+0000000000
+0000576245
+0000000000
-0000817275
+0000044226
04
-0017588172
+0085334392
-0001810497
+0000000000
+0000576245
+0000000000
-0000817275
+0000033333
04
-0018198100
+0085202240
-0001724187
+0000000000
+0000576245
+0000000000
-0000817275
+0000042603
04
-0018653986
+0085067736
-0001656018
+0000000000
+0000576245
+0000000000
-0000817275
+0000033333
04
-0019088550
+0084902112
-0001587208
+0000000000
+0000576245
+0000000000
-0000817275
+0000033333
04
-0019627422
+0084633240
-0001496643
+0000000000
+0000576245
+0000000000
-0000817275
+0000043467
04
-0020019338
+0084395944
-0001426551
+0000000000
+0000576245
+0000000000
-0000817275
+0000033333
04
-0020392208
+0084125696
-0001355385
+0000000000
+0000576245
+0000000000
-0000817275
+0000033538
04
-0020741476
+0083825984
-0001284013
+0000000000
+0000576245
+0000000000
-0000817275
+0000033333
04
-0021257590
+0083277248
-0001170680
+0000000000
+0000576245
+0000000000
-0000817275
+0000052459
04
-0021564210
+0082897464
-0001098027
+0000000000
+0000576245
+0000000000
-0000817275
+0000033333
04
-0021849508
+0082486568
-0001024732
+0000000000
+0000576245
+0000000000
-0000817275
+0000033333
04
-0022200596
+0081885040
-0000926400
+0000000000
+0000576245
+0000000000
-0000817275
+0000044333
04
-0022443246
+0081401656
-0000851825
+0000000000
+0000576245
+0000000000
-0000817275
+0000033333
04
-0022707402
+0080780416
-0000762055
+0000000000
+0000576245
+0000000000
-0000817275
+0000039783
04
-0022907404
+0080228792
-0000686199
+0000000000
+0000576245
+0000000000
-0000817275
+0000033333
04
-0023086082
+0079646048
-0000609702
+0000000000
+0000576245
+0000000000
-0000817275
+0000033333
04
-0023254858
+0078985232
-0000526967
+0000000000
+0000576245
+0000000000
-0000817275
+0000035752
04
-0023390890
+0078338016
-0000449189
+0000000000
+0000576245
+0000000000
-0000817275
+0000033333
04
-0023589166
+0077126320
-0000313640
+0000000000
+0000576245
+0000000000
-0000817275
+0000057617
04
-0023682550
+0076394208
-0000234582
+0000000000
+0000576245
+0000000000
-0000817275
+0000033333
04
-0023788422
+0074253048
-0000117488
+0000000000
+0000507202
+0000000000
-0000861825
+0000048973
04
-0023255330
+0074253048
-0000101474
+0000000000
+0000097674
+0000000000
-0000995217
+0000033333
00
-0022722236
+0074253048
-0000085461
+0000000000
-0000190404
+0000000000
-0000981705
+0000033333
00
-0022189144
+0074253048
-0000069448
+0000000000
-0000375105
+0000000000
-0000926981
+0000033333
00
-0021656052
+0074253048
-0000053434
+0000000000
-0000490910
+0000000000
-0000871209
+0000033333
00
-0021122960
+0074253048
-0000037421
+0000000000
-0000563721
+0000000000
-0000825964
+0000033333
00
-0020334374
+0074253048
-0000013733
+0000000000
-0000609992
+0000000000
-0000792406
+0000049308
00
-0019801280
+0074253048
+0000002279
+0000000000
-0000639741
+0000000000
-0000768589
+0000033333
00
-0019268188
+0074253048
+0000018292
+0000000000
-0000659060
+0000000000
-0000752089
+0000033333
00
-0018735096
+0075121936
+0000034306
+0000000000
-0000714417
+0000000000
-0000699718
+0000033333
04
-0017878330
+0076455096
+0000060042
+0000000000
-0000714417
+0000000000
-0000699718
+0000054312
04
-0017369548
+0077242176
+0000075325
+0000000000
-0000714417
+0000000000
-0000699718
+0000033333
04
-0016882020
+0077998152
+0000089969
+0000000000
-0000714417
+0000000000
-0000699718
+0000033333
04
-0016343157
+0078830272
+0000106156
+0000000000
-0000714417
+0000000000
-0000699718
+0000038522
04
-0015760233
+0079720032
+0000123666
+0000000000
-0000714417
+0000000000
-0000699718
+0000043662
04
-0015243374
+0080502240
+0000139192
+0000000000
-0000714417
+0000000000
-0000699718
+0000040656
04
-0014840862
+0081112456
+0000151283
+0000000000
-0000714417
+0000000000
-0000699718
+0000033333
04
-0014459604
+0081691560
+0000162735
+0000000000
-0000714417
+0000000000
-0000699718
+0000033333
04
-0013990624
+0082393160
+0000176823
+0000000000
-0000714417
+0000000000
-0000699718
+0000043423
04
-0013651875
+0082900616
+0000186998
+0000000000
-0000714417
+0000000000
-0000699718
+0000033333
04
-0014250242
+0083769512
+0000169024
+0000000000
-0000717642
+0000000000
+0000696410
+0000033333
04
-0014783335
+0084607288
+0000153011
+0000000000
-0000717642
+0000000000
+0000696410
+0000033333
04
-0015316427
+0085413952
+0000136998
+0000000000
-0000717642
+0000000000
+0000696410
+0000033333
04
-0016131834
+0086575016
+0000112504
+0000000000
-0000717642
+0000000000
+0000696410
+0000050985
04
-0016664927
+0087302984
+0000096491
+0000000000
-0000717642
+0000000000
+0000696410
+0000033333
04
-0017516356
+0088386296
+0000070915
+0000000000
-0000717642
+0000000000
+0000696410
+0000053238
04
-0018049448
+0089033472
+0000054901
+0000000000
-0000717642
+0000000000
+0000696410
+0000033333
04
-0018582540
+0089649528
+0000038888
+0000000000
-0000717642
+0000000000
+0000696410
+0000033333
04
-0019393458
+0090514656
+0000014529
+0000000000
-0000717642
+0000000000
+0000696410
+0000050705
04
-0020032712
+0091151912
-0000004672
+0000000000
-0000717642
+0000000000
+0000696410
+0000039971
04
-0020565806
+0091652224
-0000020685
+0000000000
-0000717642
+0000000000
+0000696410
+0000033333
04
-0021098898
+0092121424
-0000036699
+0000000000
-0000717642
+0000000000
+0000696410
+0000033333
04
-0021639370
+0092565136
-0000052934
+0000000000
-0000717642
+0000000000
+0000696410
+0000033794
04
-0022172462
+0092971688
-0000068947
+0000000000
-0000717642
+0000000000
+0000696410
+0000033333
04
-0022753134
+0093377608
-0000086390
+0000000000
-0000717642
+0000000000
+0000696410
+0000036308
04
-0023286226
+0093719160
-0000102403
+0000000000
-0000717642
+0000000000
+0000696410
+0000033333
04
-0023819318
+0094029600
-0000118416
+0000000000
-0000717642
+0000000000
+0000696410
+0000033333
04
-0024527556
+0094387120
-0000139691
+0000000000
-0000717642
+0000000000
+0000696410
+0000044284
04
-0025060648
+0094625120
-0000155704
+0000000000
-0000717642
+0000000000
+0000696410
+0000033333
04
-0025689826
+0094862680
-0000174604
+0000000000
-0000717642
+0000000000
+0000696410
+0000039341
04
-0026222918
+0095032848
-0000190617
+0000000000
-0000717642
+0000000000
+0000696410
+0000033333
04
-0026756010
+0095171896
-0000206630
+0000000000
-0000717642
+0000000000
+0000696410
+0000033333
04
-0026935782
+0095279848
-0000222650
+0000000000
-0000717642
+0000000000
+0000696410
+0000033333
04
-0026935802
+0095356680
-0000238618
+0000000000
-0000717642
+0000000000
+0000696410
+0000033333
04
-0026936618
+0095402408
-0000252967
+0000000000
-0000717642
+0000000000
+0000696410
+0000033333
04
-0026936556
+0095417016
-0000268980
+0000000000
-0000717642
+0000000000
+0000696410
+0000033333
04
-0026936858
+0095400512
-0000284992
+0000000000
-0000717642
+0000000000
+0000696410
+0000033333
04
-0026936858
+0095352904
-0000284992
+0000000000
-0000717642
+0000000000
+0000696410
+0000033333
04
-0026936858
+0095274184
-0000284992
+0000000000
-0000717642
+0000000000
+0000696410
+0000033333
04
-0026936548
+0095135376
-0000304143
+0000000000
-0000717642
+0000000000
+0000696410
+0000039900
04
-0026936696
+0094988304
-0000320145
+0000000000
-0000717642
+0000000000
+0000696410
+0000033333
04
-0026936696
+0094810120
-0000320145
+0000000000
-0000717642
+0000000000
+0000696410
+0000033333
04
-0026936696
+0094600824
-0000320145
+0000000000
-0000717642
+0000000000
+0000696410
+0000033333
04
-0026936696
+0094165648
-0000320145
+0000000000
-0000707106
+0000000000
+0000707106
+0000055547
02
-0026936696
+0094054536
-0000320145
+0000000000
-0000707106
+0000000000
+0000707106
+0000033333
02
-0026936696
+0093943424
-0000320145
+0000000000
-0000707106
+0000000000
+0000707106
+0000033333
02
-0026936696
+0093832304
-0000320145
+0000000000
-0000707106
+0000000000
+0000707106
+0000033333
02
-0026936696
+0093721192
-0000320145
+0000000000
-0000707106
+0000000000
+0000707106
+0000033333
02
-0026936696
+0093610080
-0000320145
+0000000000
-0000707106
+0000000000
+0000707106
+0000033333
02
-0026936696
+0093498960
-0000320145
+0000000000
-0000707106
+0000000000
+0000707106
+0000033333
02
-0026936696
+0093339384
-0000320145
+0000000000
-0000707106
+0000000000
+0000707106
+0000039947
02
-0026936696
+0093228272
-0000320145
+0000000000
-0000707106
+0000000000
+0000707106
+0000033333
02
-0026936696
+0093099488
-0000320145
+0000000000
-0000707106
+0000000000
+0000707106
+0000035885
02
-0026936696
+0092988376
-0000320145
+0000000000
-0000707106
+0000000000
+0000707106
+0000033333
02
-0026936696
+0092877256
-0000320145
+0000000000
-0000707106
+0000000000
+0000707106
+0000033333
02
-0026936696
+0092766144
-0000320145
+0000000000
-0000707106
+0000000000
+0000707106
+0000033333
02
-0026936696
+0092655032
-0000320145
+0000000000
-0000717644
+0000000000
-0000696409
+0000033333
03
-0026360826
+0093887944
-0000337477
+0000000000
-0000717644
+0000000000
-0000696409
+0000048058
03
-0025962606
+0094711984
-0000349534
+0000000000
-0000717644
+0000000000
-0000696409
+0000033333
03
-0025566786
+0095504904
-0000361663
+0000000000
-0000717644
+0000000000
-0000696409
+0000033333
03
-0025174962
+0096266720
-0000373913
+0000000000
-0000717644
+0000000000
-0000696409
+0000033333
03
-0024789136
+0096997416
-0000386342
+0000000000
-0000717644
+0000000000
-0000696409
+0000033333
03
-0025792768
+0098049720
-0000416490
+0000000000
-0000717642
+0000000000
+0000696410
+0000040691
04
-0026325860
+0098880632
-0000432503
+0000000000
-0000717642
+0000000000
+0000696410
+0000033333
04
-0026858954
+0099680424
-0000448517
+0000000000
-0000717642
+0000000000
+0000696410
+0000033333
04
-0027392046
+0100449112
-0000464530
+0000000000
-0000717642
+0000000000
+0000696410
+0000033333
04
-0027932478
+0101196408
-0000480764
+0000000000
-0000717642
+0000000000
+0000696410
+0000033792
04
-0028465570
+0101902448
-0000496778
+0000000000
-0000717642
+0000000000
+0000696410
+0000033333
04
-0028998662
+0102577376
-0000512790
+0000000000
-0000717642
+0000000000
+0000696410
+0000033333
04
-0029531756
+0103221192
-0000528805
+0000000000
-0000717642
+0000000000
+0000696410
+0000033333
04
-0030177986
+0103956112
-0000548216
+0000000000
-0000717642
+0000000000
+0000696410
+0000040418
04
-0030710276
+0104531096
-0000564206
+0000000000
-0000717642
+0000000000
+0000696410
+0000033333
04
-0031568834
+0105381032
-0000589996
+0000000000
-0000717642
+0000000000
+0000696410
+0000054008
04
-0032094726
+0105874496
-0000605793
+0000000000
-0000717642
+0000000000
+0000696410
+0000033333
04
-0032614620
+0106336848
-0000621410
+0000000000
-0000717642
+0000000000
+0000696410
+0000033333
04
-0033192914
+0106819800
-0000638781
+0000000000
-0000717642
+0000000000
+0000696410
+0000037686
04
-0033748368
+0107255712
-0000655466
+0000000000
-0000717642
+0000000000
+0000696410
+0000037007
04
-0034337124
+0107685784
-0000673152
+0000000000
-0000717642
+0000000000
+0000696410
+0000040388
04
-0034805044
+0108009616
-0000687207
+0000000000
-0000717642
+0000000000
+0000696410
+0000033333
04
-0035251636
+0108302328
-0000700623
+0000000000
-0000717642
+0000000000
+0000696410
+0000033333
04
-0035676908
+0108563936
-0000713397
+0000000000
-0000717642
+0000000000
+0000696410
+0000033333
04
-0036080852
+0108794424
-0000725531
+0000000000
-0000717642
+0000000000
+0000696410
+0000033333
04
-0036463476
+0108993816
-0000737025
+0000000000
-0000717642
+0000000000
+0000696410
+0000033333
04
-0036837652
+0109166928
-0000748265
+0000000000
-0000717642
+0000000000
+0000696410
+0000034521
04
-0037227244
+0109317632
-0000759968
+0000000000
-0000717642
+0000000000
+0000696410
+0000038198
04
-0037545900
+0109418040
-0000769539
+0000000000
-0000717642
+0000000000
+0000696410
+0000033333
04
-0037843228
+0109487328
-0000778471
+0000000000
-0000717642
+0000000000
+0000696410
+0000033333
04
-0038119232
+0109525504
-0000786762
+0000000000
-0000717642
+0000000000
+0000696410
+0000033333
04
-0038373912
+0109532568
-0000794412
+0000000000
-0000717642
+0000000000
+0000696410
+0000033333
04
-0038607268
+0109508520
-0000801422
+0000000000
-0000717642
+0000000000
+0000696410
+0000033333
04
-0038833852
+0109447304
-0000808228
+0000000000
-0000717642
+0000000000
+0000696410
+0000035620
04
-0039024564
+0109358904
-0000813956
+0000000000
-0000717642
+0000000000
+0000696410
+0000033333
04
-0039193952
+0109239384
-0000819045
+0000000000
-0000717642
+0000000000
+0000696410
+0000033333
04
-0039346648
+0109088768
-0000823631
+0000000000
-0000717642
+0000000000
+0000696410
+0000033333
04
-0039492928
+0108907032
-0000820842
+0000000000
-0000717642
+0000000000
+0000696410
+0000033333
04
-0039680348
+0108638632
-0000807996
+0000000000
-0000717642
+0000000000
+0000696410
+0000040716
04
-0039857892
+0108378016
-0000784891
+0000000000
-0000717642
+0000000000
+0000696410
+0000034484
04
-0040047900
+0108094976
-0000750815
+0000000000
-0000717642
+0000000000
+0000696410
+0000033333
04
-0040256580
+0107780840
-0000705075
+0000000000
-0000717642
+0000000000
+0000696410
+0000033333
04
-0040489392
+0107428912
-0000648876
+0000000000
-0000717642
+0000000000
+0000696410
+0000033923
04
-0040738760
+0107051992
-0000585294
+0000000000
-0000717642
+0000000000
+0000696410
+0000033333
04
-0041008724
+0106643968
-0000513906
+0000000000
-0000717642
+0000000000
+0000696410
+0000033333
04
-0041299284
+0106204824
-0000434710
+0000000000
-0000717642
+0000000000
+0000696410
+0000033333
04
-0041610496
+0105734576
-0000347916
+0000000000
-0000717642
+0000000000
+0000696410
+0000033333
04
-0041942432
+0105233216
-0000253732
+0000000000
-0000717642
+0000000000
+0000696410
+0000033333
04
-0042295088
+0104700744
-0000152160
+0000000000
-0000717642
+0000000000
+0000696410
+0000033333
04
-0042668468
+0104137160
-0000043198
+0000000000
-0000717642
+0000000000
+0000696410
+0000033333
04
-0043062568
+0103542464
+0000073152
+0000000000
-0000717642
+0000000000
+0000696410
+0000033333
04
-0043477384
+0102916656
+0000196685
+0000000000
-0000717642
+0000000000
+0000696410
+0000033333
04
-0043912976
+0102259744
+0000327123
+0000000000
-0000717642
+0000000000
+0000696410
+0000033333
04
-0044369620
+0101571280
+0000464547
+0000000000
-0000717642
+0000000000
+0000696410
+0000033353
04
-0044846768
+0100852128
+0000608793
+0000000000
-0000717642
+0000000000
+0000696410
+0000033333
04
-0045344692
+0100101864
+0000759944
+0000000000
-0000717642
+0000000000
+0000696410
+0000033333
04
-0046076036
+0098962536
+0000982503
+0000000000
-0000717642
+0000000000
+0000696410
+0000047778
04
-0046586164
+0097353040
+0001138106
+0000000000
-0000678753
+0000000000
+0000734365
+0000033333
04
-0047105440
+0097483248
+0001305538
+0000000000
-0000649700
+0000000000
+0000760189
+0000033333
00
-0047624712
+0097347904
+0001472971
+0000000000
-0000629783
+0000000000
+0000776769
+0000033333
00
-0048143988
+0097208736
+0001640403
+0000000000
-0000616269
+0000000000
+0000787534
+0000033333
00
-0048707056
+0097172152
+0001821956
+0000000000
-0000616269
+0000000000
+0000787534
+0000036144
00
-0049214656
+0097107296
+0001985624
+0000000000
-0000616269
+0000000000
+0000787534
+0000033333
00
-0049950104
+0098337392
+0002222759
+0000000000
-0000588694
+0000000000
+0000808355
+0000047942
04
-0050579208
+0099349584
+0002425604
+0000000000
-0000588694
+0000000000
+0000808355
+0000041312
04
-0051389204
+0100573472
+0002686463
+0000000000
-0000588694
+0000000000
+0000808355
+0000053185
04
-0051896920
+0101309416
+0002849781
+0000000000
-0000588694
+0000000000
+0000808355
+0000033333
04
-0052799360
+0102518632
+0003138381
+0000000000
-0000588694
+0000000000
+0000808355
+0000059216
04
-0053307632
+0103168200
+0003299947
+0000000000
-0000588694
+0000000000
+0000808355
+0000033333
04
-0053864436
+0103842040
+0003475693
+0000000000
-0000588694
+0000000000
+0000808355
+0000036492
04
-0054578128
+0104643624
+0003698037
+0000000000
-0000588694
+0000000000
+0000808355
+0000046720
04
-0055087952
+0105184408
+0003854645
+0000000000
-0000588694
+0000000000
+0000808355
+0000033333
04
-0055877788
+0105945000
+0004086645
+0000000000
-0000588694
+0000000000
+0000808355
+0000051450
04
-0056391264
+0106406656
+0004230818
+0000000000
-0000588694
+0000000000
+0000808355
+0000033333
04
-0057086452
+0106973048
+0004417423
+0000000000
-0000588694
+0000000000
+0000808355
+0000044987
04
-0057651296
+0107394712
+0004562359
+0000000000
-0000588694
+0000000000
+0000808355
+0000036446
04
-0058283300
+0107818944
+0004717370
+0000000000
-0000588694
+0000000000
+0000808355
+0000040670
04
-0058802556
+0108135528
+0004839093
+0000000000
-0000588694
+0000000000
+0000808355
+0000033333
04
-0059544124
+0108523464
+0005005218
+0000000000
-0000588694
+0000000000
+0000808355
+0000047496
04
-0060065644
+0108764600
+0005116850
+0000000000
-0000588694
+0000000000
+0000808355
+0000033333
04
-0060867308
+0109061336
+0005280784
+0000000000
-0000588694
+0000000000
+0000808355
+0000051140
04
-0061625492
+0109276208
+0005428877
+0000000000
-0000588694
+0000000000
+0000808355
+0000048281
04
-0062188344
+0109399608
+0005533866
+0000000000
-0000588694
+0000000000
+0000808355
+0000035784
04
-0062821680
+0109492992
+0005646660
+0000000000
-0000588694
+0000000000
+0000808355
+0000040206
04
-0063347472
+0109539296
+0005736043
+0000000000
-0000588694
+0000000000
+0000808355
+0000033333
04
-0063960776
+0109551024
+0005835536
+0000000000
-0000588694
+0000000000
+0000808355
+0000038832
04
-0064487840
+0109529976
+0005917106
+0000000000
-0000588694
+0000000000
+0000808355
+0000033333
04
-0065015456
+0109477824
+0005994982
+0000000000
-0000588694
+0000000000
+0000808355
+0000033333
04
-0065544244
+0109394552
+0006064504
+0000000000
-0000588694
+0000000000
+0000808355
+0000033333
04
-0066082344
+0109277960
+0006124240
+0000000000
-0000588694
+0000000000
+0000808355
+0000033837
04
-0066613480
+0109132000
+0006172574
+0000000000
-0000588694
+0000000000
+0000808355
+0000033333
04
-0067145440
+0108954936
+0006210805
+0000000000
-0000588694
+0000000000
+0000808355
+0000033333
04
-0067704888
+0108734600
+0006240733
+0000000000
-0000588694
+0000000000
+0000808355
+0000035015
04
-0068237888
+0108493728
+0006259575
+0000000000
-0000588694
+0000000000
+0000808355
+0000033333
04
-0068771160
+0108221752
+0006267017
+0000000000
-0000588694
+0000000000
+0000808355
+0000033333
04
-0069304480
+0107918672
+0006263281
+0000000000
-0000588694
+0000000000
+0000808355
+0000033333
04
-0069837616
+0107584472
+0006248785
+0000000000
-0000588694
+0000000000
+0000808355
+0000033333
04
-0070370368
+0107219160
+0006223940
+0000000000
-0000588694
+0000000000
+0000808355
+0000033333
04
-0070902568
+0106822736
+0006189147
+0000000000
-0000588694
+0000000000
+0000808355
+0000033333
04
-0071486480
+0106349680
+0006140644
+0000000000
-0000588694
+0000000000
+0000808355
+0000036620
04
-0072322536
+0105594080
+0006056935
+0000000000
-0000588694
+0000000000
+0000808355
+0000052514
04
-0072852280
+0105083352
+0005995180
+0000000000
-0000588694
+0000000000
+0000808355
+0000033333
04
-0073381000
+0104541520
+0005925157
+0000000000
-0000588694
+0000000000
+0000808355
+0000033333
04
-0073992264
+0103872008
+0005834845
+0000000000
-0000588694
+0000000000
+0000808355
+0000038618
04
-0074518696
+0103253048
+0005749294
+0000000000
-0000650527
+0000000000
+0000759482
+0000033333
04
-0075086112
+0103253048
+0005440888
+0000000000
-0000729069
+0000000000
+0000684439
+0000037001
00
-0075597288
+0103253048
+0005163053
+0000000000
-0000776703
+0000000000
+0000629864
+0000033333
00
-0076135624
+0103253048
+0004870456
+0000000000
-0000806210
+0000000000
+0000591627
+0000035104
00
-0076646808
+0103253048
+0004592621
+0000000000
-0000824841
+0000000000
+0000565363
+0000033333
00
-0077157984
+0103253048
+0004314786
+0000000000
-0000836787
+0000000000
+0000547526
+0000033333
00
-0077737824
+0103253048
+0003999630
+0000000000
-0000844537
+0000000000
+0000535494
+0000037810
00
-0078251536
+0103253048
+0003747610
+0000000000
-0000845916
+0000000000
+0000533313
+0000033333
00
-0078859824
+0103253048
+0003468733
+0000000000
-0000844500
+0000000000
+0000535553
+0000039300
00
-0079379424
+0103253048
+0003237266
+0000000000
-0000842585
+0000000000
+0000538561
+0000033333
00
-0079901768
+0103253048
+0003038528
+0000000000
-0000836265
+0000000000
+0000548323
+0000033333
00
-0080378672
+0103253048
+0003024202
+0000000000
-0000799880
+0000000000
+0000600158
+0000033333
00
-0080646544
+0103253048
+0003016156
+0000000000
-0000773831
+0000000000
+0000633390
+0000033333
00
-0080646544
+0103253048
+0003016156
+0000000000
-0000746403
+0000000000
+0000665493
+0000050085
01
-0080646544
+0103253048
+0003016156
+0000000000
-0000717643
+0000000000
+0000696409
+0000033333
01
-0080646544
+0103253048
+0003016156
+0000000000
-0000717643
+0000000000
+0000696409
+0000038107
01
-0080646544
+0103253048
+0003016156
+0000000000
-0000717643
+0000000000
+0000696409
+0000033333
01
