-0000050000
+0045953064
-0000040165
+0000000000
+0000000057
+0000000000
+0001000000
+0000033333
00
-0000050000
+0045953064
-0000008517
+0000000000
-0000000023
+0000000000
+0001000000
+0000035757
00
-0000050000
+0045953064
+0000050488
+0000000000
+0000000057
+0000000000
+0001000000
+0000033333
00
-0000050000
+0045953064
+0000148830
+0000000000
-0000000042
+0000000000
+0001000000
+0000033333
00
-0000050000
+0045953064
+0000296844
+0000000000
+0000000057
+0000000000
+0001000000
+0000033333
00
-0000050000
+0045953064
+0000504062
+0000000000
-0000000023
+0000000000
+0001000000
+0000033333
00
-0000050000
+0045953064
+0000780354
+0000000000
+0000000057
+0000000000
+0001000000
+0000033333
00
-0000050000
+0045953064
+0001135585
+0000000000
+0000000000
+0000000000
+0001000000
+0000033333
00
-0000050000
+0045953064
+0001579625
+0000000000
+0000000057
+0000000000
+0001000000
+0000033333
00
-0000050000
+0045953064
+0002105895
+0000000000
-0000000023
+0000000000
+0001000000
+0000033333
00
-0000050000
+0045953064
+0002632164
+0000000000
+0000000057
+0000000000
+0001000000
+0000033333
00
-0000050000
+0045953064
+0003158434
+0000000000
-0000000023
+0000000000
+0001000000
+0000033333
00
-0000050000
+0045953064
+0003684703
+0000000000
+0000000033
+0000000000
+0001000000
+0000033333
00
-0000050000
+0045953064
+0004210972
+0000000000
-0000000023
+0000000000
+0001000000
+0000033333
00
-0000050000
+0045953064
+0004737241
+0000000000
+0000000033
+0000000000
+0001000000
+0000033333
00
-0000050000
+0045953064
+0005263511
+0000000000
-0000000023
+0000000000
+0001000000
+0000033333
00
-0000050000
+0046821960
+0005789780
+0000000000
-0000000267
+0000000000
+0001000000
+0000033333
04
-0000050000
+0047659728
+0006323114
+0000000000
-0000000267
+0000000000
+0001000000
+0000033333
04
-0000050000
+0048466368
+0006856447
+0000000000
-0000000267
+0000000000
+0001000000
+0000033333
04
-0000050000
+0049241944
+0007389780
+0000000000
-0000000267
+0000000000
+0001000000
+0000033333
04
-0000050000
+0049986388
+0007923114
+0000000000
-0000000267
+0000000000
+0001000000
+0000033333
04
-0000050000
+0050699708
+0008456448
+0000000000
-0000000267
+0000000000
+0001000000
+0000033333
04
-0000050000
+0051381960
+0008989780
+0000000000
-0000000267
+0000000000
+0001000000
+0000033333
04
-0000050000
+0052033080
+0009523113
+0000000000
-0000000267
+0000000000
+0001000000
+0000033333
04
-0000050000
+0052653076
+0010056446
+0000000000
-0000000267
+0000000000
+0001000000
+0000033333
04
-0000050000
+0053241944
+0010589779
+0000000000
-0000000267
+0000000000
+0001000000
+0000033333
04
-0000045123
+0053799744
+0011123090
+0000000000
-0000000267
+0000000000
+0001000000
+0000033333
04
-0000034135
+0054326416
+0011656310
+0000000000
-0000000267
+0000000000
+0001000000
+0000033333
04
-0000016595
+0054821960
+0012189355
+0000000000
-0000000267
+0000000000
+0001000000
+0000033333
04
+0000007987
+0055291260
+0012728089
+0000000000
-0000000267
+0000000000
+0001000000
+0000033705
04
+0000039074
+0055724244
+0013260516
+0000000000
-0000000267
+0000000000
+0001000000
+0000033333
04
+0000077137
+0056126100
+0013792490
+0000000000
-0000000267
+0000000000
+0001000000
+0000033333
04
+0000121897
+0056496888
+0014323942
+0000000000
-0000000267
+0000000000
+0001000000
+0000033333
04
+0000173083
+0056836548
+0014854814
+0000000000
-0000000267
+0000000000
+0001000000
+0000033333
04
+0000230435
+0057145080
+0015385055
+0000000000
-0000000267
+0000000000
+0001000000
+0000033333
04
+0000293703
+0057422484
+0015914622
+0000000000
-0000000267
+0000000000
+0001000000
+0000033333
04
+0000362645
+0057668824
+0016443481
+0000000000
-0000000267
+0000000000
+0001000000
+0000033333
04
+0000437026
+0057884032
+0016971604
+0000000000
-0000000267
+0000000000
+0001000000
+0000033333
04
+0000516625
+0058068116
+0017498964
+0000000000
-0000000267
+0000000000
+0001000000
+0000033333
04
+0000603430
+0058224244
+0018039280
+0000000000
-0000000267
+0000000000
+0001000000
+0000034202
04
+0000692822
+0058345336
+0018565070
+0000000000
-0000000267
+0000000000
+0001000000
+0000033333
04
+0000786809
+0058435304
+0019090056
+0000000000
-0000000267
+0000000000
+0001000000
+0000033333
04
+0000888601
+0058495056
+0019632360
+0000000000
-0000000267
+0000000000
+0001000000
+0000034485
04
+0000991210
+0058521728
+0020155730
+0000000000
-0000000267
+0000000000
+0001000000
+0000033333
04
+0001098885
+0058516908
+0020683294
+0000000000
-0000000267
+0000000000
+0001000000
+0000033652
04
+0001209412
+0058481020
+0021205050
+0000000000
-0000000267
+0000000000
+0001000000
+0000033333
04
+0001323651
+0058414064
+0021726004
+0000000000
-0000000267
+0000000000
+0001000000
+0000033333
04
+0001441446
+0058315980
+0022246166
+0000000000
-0000000267
+0000000000
+0001000000
+0000033333
04
+0001562649
+0058186768
+0022765544
+0000000000
-0000000267
+0000000000
+0001000000
+0000033333
04
+0001687117
+0058026428
+0023284152
+0000000000
-0000000267
+0000000000
+0001000000
+0000033333
04
+0001814712
+0057835020
+0023801996
+0000000000
-0000000267
+0000000000
+0001000000
+0000033333
04
+0001945303
+0057612488
+0024319094
+0000000000
-0000000267
+0000000000
+0001000000
+0000033333
04
+0002079478
+0057358824
+0024835274
+0000000000
-0000000267
+0000000000
+0001000000
+0000033333
04
+0002218680
+0057074096
+0025350120
+0000000000
-0000000267
+0000000000
+0001000000
+0000033333
04
+0002364716
+0056758240
+0025863072
+0000000000
-0000000267
+0000000000
+0001000000
+0000033333
04
+0002517506
+0056411256
+0026374050
+0000000000
-0000000267
+0000000000
+0001000000
+0000033333
04
+0002676991
+0056033144
+0026882980
+0000000000
-0000000267
+0000000000
+0001000000
+0000033333
04
+0002843095
+0055623964
+0027389788
+0000000000
-0000000267
+0000000000
+0001000000
+0000033333
04
+0003015523
+0055183656
+0027894480
+0000000000
-0000000267
+0000000000
+0001000000
+0000033333
04
+0003193989
+0054712220
+0028397068
+0000000000
-0000000267
+0000000000
+0001000000
+0000033333
04
+0003378222
+0054209716
+0028897572
+0000000000
-0000000267
+0000000000
+0001000000
+0000033333
04
+0003567960
+0053676088
+0029396014
+0000000000
-0000000267
+0000000000
+0001000000
+0000033333
04
+0003762956
+0053111328
+0029892422
+0000000000
-0000000267
+0000000000
+0001000000
+0000033333
04
+0003962971
+0052515440
+0030386830
+0000000000
-0000000267
+0000000000
+0001000000
+0000033333
04
+0004167776
+0051888488
+0030879270
+0000000000
-0000000267
+0000000000
+0001000000
+0000033333
04
+0004377156
+0051230408
+0031369786
+0000000000
-0000000267
+0000000000
+0001000000
+0000033333
04
+0004590902
+0050541200
+0031858414
+0000000000
-0000000267
+0000000000
+0001000000
+0000033333
04
+0004813520
+0049811036
+0032350742
+0000000000
-0000000267
+0000000000
+0001000000
+0000033770
04
+0005041169
+0049059204
+0032833050
+0000000000
-0000000267
+0000000000
+0001000000
+0000033333
04
+0005278889
+0048276244
+0033310474
+0000000000
-0000000267
+0000000000
+0001000000
+0000033333
04
+0005545999
+0047253052
+0033814528
+0000000000
+0000080948
+0000000000
+0000996718
+0000035653
04
+0006068769
+0047253052
+0034052932
+0000000000
+0000242084
+0000000000
+0000970255
+0000033333
00
+0006598570
+0047253052
+0034278980
+0000000000
+0000350022
+0000000000
+0000936741
+0000033333
00
+0007131903
+0047253052
+0034499720
+0000000000
+0000421221
+0000000000
+0000906957
+0000033333
00
+0007665237
+0047253052
+0034715176
+0000000000
+0000468571
+0000000000
+0000883425
+0000033333
00
+0008198570
+0047253052
+0034925324
+0000000000
+0000500656
+0000000000
+0000865645
+0000033333
00
+0008731904
+0048121948
+0035135472
+0000000000
+0000592703
+0000000000
+0000805421
+0000033333
04
+0009228107
+0048959716
+0035330988
+0000000000
+0000592703
+0000000000
+0000805421
+0000033333
04
+0009724311
+0049766356
+0035526500
+0000000000
+0000592703
+0000000000
+0000805421
+0000033333
04
+0010220514
+0050541932
+0035722016
+0000000000
+0000592703
+0000000000
+0000805421
+0000033333
04
+0010732661
+0051309264
+0035923812
+0000000000
+0000592703
+0000000000
+0000805421
+0000034404
04
+0011228865
+0052021608
+0036119328
+0000000000
+0000592703
+0000000000
+0000805421
+0000033333
04
+0011725068
+0052702820
+0036314844
+0000000000
+0000592703
+0000000000
+0000805421
+0000033333
04
+0012221272
+0053352904
+0036510356
+0000000000
+0000592703
+0000000000
+0000805421
+0000033333
04
+0012717475
+0053971924
+0036705872
+0000000000
+0000592703
+0000000000
+0000805421
+0000033333
04
+0013213202
+0054559816
+0036902592
+0000000000
+0000592703
+0000000000
+0000805421
+0000033333
04
+0013708138
+0055116576
+0037101296
+0000000000
+0000592703
+0000000000
+0000805421
+0000033333
04
+0014201609
+0055642212
+0037303608
+0000000000
+0000592703
+0000000000
+0000805421
+0000033333
04
+0014693151
+0056136780
+0037510564
+0000000000
+0000592703
+0000000000
+0000805421
+0000033333
04
+0015182437
+0056600220
+0037722796
+0000000000
+0000592703
+0000000000
+0000805421
+0000033333
04
+0015669065
+0057032532
+0037941056
+0000000000
+0000592703
+0000000000
+0000805421
+0000033333
04
+0016153193
+0057433776
+0038164808
+0000000000
+0000592703
+0000000000
+0000805421
+0000033333
04
+0016725119
+0057866332
+0038436708
+0000000000
+0000592703
+0000000000
+0000805421
+0000039579
04
+0017204978
+0058199524
+0038669468
+0000000000
+0000592703
+0000000000
+0000805421
+0000033333
04
+0017697140
+0058509520
+0038912700
+0000000000
+0000592703
+0000000000
+0000805421
+0000034311
04
+0018173800
+0058779540
+0039151952
+0000000000
+0000592703
+0000000000
+0000805421
+0000033333
04
+0018649444
+0059018492
+0039393212
+0000000000
+0000592703
+0000000000
+0000805421
+0000033333
04
+0019124444
+0059226320
+0039635744
+0000000000
+0000592703
+0000000000
+0000805421
+0000033333
04
+0019599304
+0059403016
+0039878540
+0000000000
+0000592703
+0000000000
+0000805421
+0000033333
04
+0020073974
+0059548584
+0040121712
+0000000000
+0000592703
+0000000000
+0000805421
+0000033333
04
+0020547960
+0059663084
+0040366216
+0000000000
+0000592703
+0000000000
+0000805421
+0000033333
04
+0021020266
+0059746460
+0040613948
+0000000000
+0000592703
+0000000000
+0000805421
+0000033333
04
+0021489384
+0059798708
+0040867664
+0000000000
+0000592703
+0000000000
+0000805421
+0000033333
04
+0021955004
+0059819824
+0041127748
+0000000000
+0000592703
+0000000000
+0000805421
+0000033333
04
+0022416538
+0059809876
+0041395012
+0000000000
+0000592703
+0000000000
+0000805421
+0000033333
04
+0022872122
+0059768800
+0041672300
+0000000000
+0000592703
+0000000000
+0000805421
+0000033333
04
+0023321744
+0059696596
+0041959152
+0000000000
+0000592703
+0000000000
+0000805421
+0000033333
04
+0023765408
+0059593324
+0042255136
+0000000000
+0000592703
+0000000000
+0000805421
+0000033333
04
+0024216198
+0059453920
+0042568916
+0000000000
+0000592703
+0000000000
+0000805421
+0000034327
04
+0024648032
+0059287476
+0042881908
+0000000000
+0000592703
+0000000000
+0000805421
+0000033333
04
+0025074020
+0059089904
+0043202808
+0000000000
+0000592703
+0000000000
+0000805421
+0000033333
04
+0025496748
+0058859680
+0043533208
+0000000000
+0000592703
+0000000000
+0000805421
+0000033533
04
+0025911252
+0058599732
+0043868812
+0000000000
+0000592703
+0000000000
+0000805421
+0000033333
04
+0026320134
+0058308656
+0044211248
+0000000000
+0000592703
+0000000000
+0000805421
+0000033333
04
+0026723484
+0057986452
+0044560176
+0000000000
+0000592703
+0000000000
+0000805421
+0000033333
04
+0027121402
+0057633180
+0044915292
+0000000000
+0000592703
+0000000000
+0000805421
+0000033333
04
+0027513992
+0057248780
+0045276288
+0000000000
+0000592703
+0000000000
+0000805421
+0000033333
04
+0027901364
+0056833252
+0045642876
+0000000000
+0000592703
+0000000000
+0000805421
+0000033333
04
+0028283628
+0056386596
+0046014784
+0000000000
+0000592703
+0000000000
+0000805421
+0000033333
04
+0028660904
+0055453064
+0046391756
+0000000000
+0000526014
+0000000000
+0000850475
+0000033333
04
+0028891032
+0055453064
+0046872888
+0000000000
+0000429219
+0000000000
+0000903200
+0000033333
00
+0029128088
+0055453064
+0047368508
+0000000000
+0000361716
+0000000000
+0000932288
+0000034337
00
+0029358216
+0055453064
+0047849636
+0000000000
+0000315606
+0000000000
+0000948890
+0000033333
00
+0029588342
+0055453064
+0048330764
+0000000000
+0000284438
+0000000000
+0000958694
+0000033333
00
+0029818470
+0055453064
+0048811892
+0000000000
+0000263488
+0000000000
+0000964662
+0000033333
00
+0030048598
+0055453064
+0049293024
+0000000000
+0000249452
+0000000000
+0000968387
+0000033333
00
+0030278724
+0055453064
+0049774152
+0000000000
+0000240064
+0000000000
+0000970757
+0000033333
00
+0030508852
+0055453064
+0050255280
+0000000000
+0000233793
+0000000000
+0000972286
+0000033333
00
+0030738980
+0055453064
+0050736408
+0000000000
+0000229607
+0000000000
+0000973283
+0000033333
00
+0030969106
+0055453064
+0051217536
+0000000000
+0000226814
+0000000000
+0000973938
+0000033333
00
+0031296098
+0055453064
+0051652336
+0000000000
+0000257086
+0000000000
+0000966388
+0000033333
00
+0031646908
+0055453064
+0052075744
+0000000000
+0000284662
+0000000000
+0000958627
+0000033333
00
+0031997716
+0055453064
+0052499152
+0000000000
+0000302918
+0000000000
+0000953016
+0000033333
00
+0032353282
+0055453064
+0052920284
+0000000000
+0000316495
+0000000000
+0000948594
+0000033333
00
+0032708850
+0055453064
+0053341416
+0000000000
+0000325511
+0000000000
+0000945538
+0000033333
00
+0033064418
+0055453064
+0053762548
+0000000000
+0000331505
+0000000000
+0000943453
+0000033333
00
+0033419986
+0055453064
+0054183676
+0000000000
+0000335494
+0000000000
+0000942042
+0000033333
00
+0033777136
+0056321960
+0054604048
+0000000000
+0000348870
+0000000000
+0000937171
+0000033333
04
+0034122460
+0057159728
+0055010496
+0000000000
+0000348870
+0000000000
+0000937171
+0000033333
04
+0034467780
+0057966368
+0055416940
+0000000000
+0000348870
+0000000000
+0000937171
+0000033333
04
+0034813104
+0058741944
+0055823384
+0000000000
+0000348870
+0000000000
+0000937171
+0000033333
04
+0035158424
+0059486388
+0056229828
+0000000000
+0000348870
+0000000000
+0000937171
+0000033333
04
+0035503748
+0060199708
+0056636272
+0000000000
+0000348870
+0000000000
+0000937171
+0000033333
04
+0035849068
+0060881960
+0057042716
+0000000000
+0000348870
+0000000000
+0000937171
+0000033333
04
+0036194388
+0061533080
+0057449160
+0000000000
+0000348870
+0000000000
+0000937171
+0000033333
04
+0036539712
+0062153076
+0057855608
+0000000000
+0000348870
+0000000000
+0000937171
+0000033333
04
+0036885032
+0062741944
+0058262052
+0000000000
+0000348870
+0000000000
+0000937171
+0000033333
04
+0037230356
+0063299744
+0058668496
+0000000000
+0000348870
+0000000000
+0000937171
+0000033333
04
+0037575676
+0063826416
+0059074940
+0000000000
+0000348870
+0000000000
+0000937171
+0000033333
04
+0037927240
+0064330324
+0059488732
+0000000000
+0000348870
+0000000000
+0000937171
+0000033935
04
+0038272560
+0064794188
+0059895176
+0000000000
+0000348870
+0000000000
+0000937171
+0000033333
04
+0038617880
+0065226928
+0060301620
+0000000000
+0000348870
+0000000000
+0000937171
+0000033333
04
+0038963204
+0065628600
+0060708064
+0000000000
+0000348870
+0000000000
+0000937171
+0000033333
04
+0039308524
+0065999144
+0061114508
+0000000000
+0000348870
+0000000000
+0000937171
+0000033333
04
+0039653848
+0066338564
+0061520956
+0000000000
+0000348870
+0000000000
+0000937171
+0000033333
04
+0039999168
+0066646912
+0061927400
+0000000000
+0000348870
+0000000000
+0000937171
+0000033333
04
+0040344492
+0066924132
+0062333844
+0000000000
+0000348870
+0000000000
+0000937171
+0000033333
04
+0040690932
+0067170960
+0062741612
+0000000000
+0000348870
+0000000000
+0000937171
+0000033441
04
+0041036256
+0067385864
+0063148056
+0000000000
+0000348870
+0000000000
+0000937171
+0000033333
04
+0041392204
+0067574344
+0063567012
+0000000000
+0000348870
+0000000000
+0000937171
+0000034359
04
+0041737168
+0067726072
+0063973764
+0000000000
+0000348870
+0000000000
+0000937171
+0000033333
04
+0042081072
+0067846680
+0064381408
+0000000000
+0000348870
+0000000000
+0000937171
+0000033333
04
+0042423112
+0067936160
+0064790620
+0000000000
+0000348870
+0000000000
+0000937171
+0000033333
04
+0042762500
+0067994504
+0065202028
+0000000000
+0000348870
+0000000000
+0000937171
+0000033333
04
+0043098488
+0068021792
+0065616220
+0000000000
+0000348870
+0000000000
+0000937171
+0000033333
04
+0043430332
+0068017944
+0066033736
+0000000000
+0000348870
+0000000000
+0000937171
+0000033333
04
+0043757316
+0067982968
+0066455080
+0000000000
+0000348870
+0000000000
+0000937171
+0000033333
04
+0044078740
+0067916928
+0066880676
+0000000000
+0000348870
+0000000000
+0000937171
+0000033333
04
+0044394756
+0067819760
+0067310304
+0000000000
+0000348870
+0000000000
+0000937171
+0000033333
04
+0044705528
+0067691464
+0067743736
+0000000000
+0000348870
+0000000000
+0000937171
+0000033333
04
+0045011444
+0067532040
+0068180608
+0000000000
+0000348870
+0000000000
+0000937171
+0000033333
04
+0045312996
+0067341552
+0068620504
+0000000000
+0000348870
+0000000000
+0000937171
+0000033333
04
+0045611052
+0067119936
+0069062784
+0000000000
+0000348870
+0000000000
+0000937171
+0000033333
04
+0045924040
+0066850160
+0069533288
+0000000000
+0000348870
+0000000000
+0000937171
+0000035318
04
+0046217052
+0066564452
+0069978920
+0000000000
+0000348870
+0000000000
+0000937171
+0000033333
04
+0046508276
+0066247620
+0070425728
+0000000000
+0000348870
+0000000000
+0000937171
+0000033333
04
+0046798100
+0065899720
+0070873432
+0000000000
+0000348870
+0000000000
+0000937171
+0000033333
04
+0047086588
+0065520692
+0071322016
+0000000000
+0000348870
+0000000000
+0000937171
+0000033333
04
+0047373792
+0065110536
+0071771416
+0000000000
+0000348870
+0000000000
+0000937171
+0000033333
04
+0047659760
+0064669312
+0072221600
+0000000000
+0000348870
+0000000000
+0000937171
+0000033333
04
+0047944540
+0064196960
+0072672536
+0000000000
+0000348870
+0000000000
+0000937171
+0000033333
04
+0048228176
+0063693480
+0073124192
+0000000000
+0000348870
+0000000000
+0000937171
+0000033333
04
+0048510720
+0062853028
+0073576528
+0000000000
+0000324640
+0000000000
+0000945837
+0000033333
04
+0048798500
+0062853028
+0074101176
+0000000000
+0000299376
+0000000000
+0000954135
+0000034940
00
+0049073040
+0062853028
+0074601688
+0000000000
+0000282415
+0000000000
+0000959292
+0000033333
00
+0049347580
+0062853028
+0075102192
+0000000000
+0000271057
+0000000000
+0000962563
+0000033333
00
+0049622120
+0062853028
+0075602704
+0000000000
+0000263464
+0000000000
+0000964669
+0000033333
00
+0049896660
+0062853028
+0076103216
+0000000000
+0000258392
+0000000000
+0000966039
+0000033333
00
+0050171200
+0062853028
+0076603728
+0000000000
+0000255007
+0000000000
+0000966939
+0000033333
00
+0050445740
+0062853028
+0077104240
+0000000000
+0000252749
+0000000000
+0000967531
+0000033333
00
+0050720280
+0062853028
+0077604752
+0000000000
+0000251242
+0000000000
+0000967924
+0000033333
00
+0050996584
+0062853028
+0078108472
+0000000000
+0000250236
+0000000000
+0000968184
+0000033547
00
+0051271120
+0062853028
+0078608984
+0000000000
+0000249563
+0000000000
+0000968358
+0000033333
00
+0051545660
+0062853028
+0079109496
+0000000000
+0000249110
+0000000000
+0000968475
+0000033333
00
+0051820200
+0062853028
+0079610008
+0000000000
+0000248805
+0000000000
+0000968553
+0000033333
00
+0052094740
+0062853028
+0080110520
+0000000000
+0000248597
+0000000000
+0000968607
+0000033333
00
+0052369280
+0062853028
+0080611032
+0000000000
+0000248439
+0000000000
+0000968647
+0000033333
00
+0052643708
+0063721924
+0081109784
+0000000000
+0000248773
+0000000000
+0000968561
+0000033333
04
+0052900860
+0064559692
+0081577032
+0000000000
+0000248773
+0000000000
+0000968561
+0000033333
04
+0053158064
+0065366332
+0082044248
+0000000000
+0000248773
+0000000000
+0000968561
+0000033333
04
+0053415320
+0066141908
+0082511440
+0000000000
+0000248773
+0000000000
+0000968561
+0000033333
04
+0053672624
+0066886352
+0082978600
+0000000000
+0000248773
+0000000000
+0000968561
+0000033333
04
+0053929648
+0067599672
+0083445912
+0000000000
+0000248773
+0000000000
+0000968561
+0000033333
04
+0054185824
+0068281864
+0083913696
+0000000000
+0000248773
+0000000000
+0000968561
+0000033333
04
+0054439820
+0068932984
+0084382664
+0000000000
+0000248773
+0000000000
+0000968561
+0000033333
04
+0054691420
+0069552976
+0084852920
+0000000000
+0000248773
+0000000000
+0000968561
+0000033333
04
+0054940556
+0070141848
+0085324488
+0000000000
+0000248773
+0000000000
+0000968561
+0000033333
04
+0055187312
+0070699648
+0085797304
+0000000000
+0000248773
+0000000000
+0000968561
+0000033333
04
+0055431676
+0071226320
+0086271360
+0000000000
+0000248773
+0000000000
+0000968561
+0000033333
04
+0055673728
+0071721864
+0086746608
+0000000000
+0000248773
+0000000000
+0000968561
+0000033333
04
+0055915236
+0072189328
+0087226296
+0000000000
+0000248773
+0000000000
+0000968561
+0000033565
04
+0056152936
+0072622440
+0087703728
+0000000000
+0000248773
+0000000000
+0000968561
+0000033333
04
+0056388576
+0073024416
+0088182184
+0000000000
+0000248773
+0000000000
+0000968561
+0000033333
04
+0056622184
+0073395328
+0088661632
+0000000000
+0000248773
+0000000000
+0000968561
+0000033333
04
+0056853528
+0073735104
+0089142176
+0000000000
+0000248773
+0000000000
+0000968561
+0000033333
04
+0057082200
+0074043760
+0089624000
+0000000000
+0000248773
+0000000000
+0000968561
+0000033333
04
+0057307512
+0074321288
+0090107408
+0000000000
+0000248773
+0000000000
+0000968561
+0000033333
04
+0057528584
+0074567752
+0090592768
+0000000000
+0000248773
+0000000000
+0000968561
+0000033333
04
+0057744572
+0074783080
+0091080408
+0000000000
+0000248773
+0000000000
+0000968561
+0000033333
04
+0057954660
+0074967288
+0091570616
+0000000000
+0000248773
+0000000000
+0000968561
+0000033333
04
+0058158060
+0075120424
+0092063648
+0000000000
+0000248773
+0000000000
+0000968561
+0000033333
04
+0058354008
+0075242432
+0092559680
+0000000000
+0000248773
+0000000000
+0000968561
+0000033333
04
+0058542504
+0075333312
+0093058584
+0000000000
+0000248773
+0000000000
+0000968561
+0000033333
04
+0058723784
+0075393064
+0093560168
+0000000000
+0000248773
+0000000000
+0000968561
+0000033333
04
+0058898096
+0075421752
+0094064208
+0000000000
+0000248773
+0000000000
+0000968561
+0000033333
04
+0059065660
+0075419312
+0094570536
+0000000000
+0000248773
+0000000000
+0000968561
+0000033333
04
+0059226708
+0075385744
+0095078968
+0000000000
+0000248773
+0000000000
+0000968561
+0000033333
04
+0059381464
+0075321104
+0095589352
+0000000000
+0000248773
+0000000000
+0000968561
+0000033333
04
+0059530152
+0075225344
+0096101544
+0000000000
+0000248773
+0000000000
+0000968561
+0000033333
04
+0059672980
+0075098448
+0096615400
+0000000000
+0000248773
+0000000000
+0000968561
+0000033333
04
+0059810160
+0074940432
+0097130792
+0000000000
+0000248773
+0000000000
+0000968561
+0000033333
04
+0059946804
+0074740296
+0097673776
+0000000000
+0000248773
+0000000000
+0000968561
+0000034994
04
+0060066676
+0074518552
+0098193456
+0000000000
+0000248773
+0000000000
+0000968561
+0000033333
04
+0060176572
+0074265688
+0098715344
+0000000000
+0000248773
+0000000000
+0000968561
+0000033333
04
+0060276788
+0073981688
+0099239184
+0000000000
+0000248773
+0000000000
+0000968561
+0000033333
04
+0060367628
+0073666568
+0099764728
+0000000000
+0000248773
+0000000000
+0000968561
+0000033333
04
+0060449384
+0073320376
+0100291752
+0000000000
+0000248773
+0000000000
+0000968561
+0000033333
04
+0060522356
+0072943056
+0100820072
+0000000000
+0000248773
+0000000000
+0000968561
+0000033333
04
+0060586832
+0072534608
+0101349496
+0000000000
+0000248773
+0000000000
+0000968561
+0000033333
04
+0060643096
+0072095096
+0101879856
+0000000000
+0000248773
+0000000000
+0000968561
+0000033333
04
+0060691432
+0071353024
+0102410984
+0000000000
+0000181720
+0000000000
+0000983350
+0000033333
04
+0060537896
+0071353024
+0102921744
+0000000000
+0000073088
+0000000000
+0000997325
+0000033333
00
+0060384356
+0071353024
+0103432504
+0000000000
+0000000099
+0000000000
+0001000000
+0000033333
00
+0060230820
+0071353024
+0103943264
+0000000000
-0000048584
+0000000000
+0000998819
+0000033333
00
+0060076484
+0071353024
+0104456664
+0000000000
-0000080983
+0000000000
+0000996715
+0000033506
00
+0059922948
+0071353024
+0104967424
+0000000000
-0000102537
+0000000000
+0000994729
+0000033333
00
+0059769408
+0071353024
+0105478176
+0000000000
-0000116880
+0000000000
+0000993145
+0000033333
00
+0059615872
+0071353024
+0105988936
+0000000000
-0000126429
+0000000000
+0000991975
+0000033333
00
+0059462332
+0071353024
+0106499696
+0000000000
-0000132789
+0000000000
+0000991144
+0000033333
00
+0059308796
+0071353024
+0107010456
+0000000000
-0000137026
+0000000000
+0000990567
+0000033333
00
+0059155260
+0072221920
+0107521208
+0000000000
-0000149721
+0000000000
+0000988728
+0000033333
04
+0059001720
+0073059696
+0108031968
+0000000000
-0000149721
+0000000000
+0000988728
+0000033333
04
+0058848184
+0073866336
+0108542728
+0000000000
-0000149721
+0000000000
+0000988728
+0000033333
04
+0058694644
+0074641904
+0109053480
+0000000000
-0000149721
+0000000000
+0000988728
+0000033333
04
+0058541108
+0075386352
+0109564240
+0000000000
-0000149721
+0000000000
+0000988728
+0000033333
04
+0058385156
+0076110416
+0110083024
+0000000000
-0000149721
+0000000000
+0000988728
+0000033857
04
+0058231616
+0076792112
+0110593784
+0000000000
-0000149721
+0000000000
+0000988728
+0000033333
04
+0058078080
+0077442752
+0111104536
+0000000000
-0000149721
+0000000000
+0000988728
+0000033333
04
+0057924540
+0078062256
+0111615296
+0000000000
-0000149721
+0000000000
+0000988728
+0000033333
04
+0057771004
+0078650632
+0112126056
+0000000000
-0000149721
+0000000000
+0000988728
+0000033333
04
+0057617464
+0079207944
+0112636808
+0000000000
-0000149721
+0000000000
+0000988728
+0000033333
04
+0057463928
+0079734128
+0113147568
+0000000000
-0000149721
+0000000000
+0000988728
+0000033333
04
+0057310392
+0080229184
+0113658328
+0000000000
-0000149721
+0000000000
+0000988728
+0000033333
04
+0057156852
+0080693112
+0114169080
+0000000000
-0000149721
+0000000000
+0000988728
+0000033333
04
+0057003316
+0081125976
+0114679840
+0000000000
-0000149721
+0000000000
+0000988728
+0000033333
04
+0056849304
+0081527712
+0115190456
+0000000000
-0000149721
+0000000000
+0000988728
+0000033333
04
+0056693816
+0081898312
+0115700616
+0000000000
-0000149721
+0000000000
+0000988728
+0000033333
04
+0056535884
+0082237792
+0116210032
+0000000000
-0000149721
+0000000000
+0000988728
+0000033333
04
+0056374596
+0082546200
+0116718392
+0000000000
-0000149721
+0000000000
+0000988728
+0000033333
04
+0056209076
+0082823488
+0117225384
+0000000000
-0000149721
+0000000000
+0000988728
+0000033333
04
+0056038500
+0083069640
+0117730704
+0000000000
-0000149721
+0000000000
+0000988728
+0000033333
04
+0055866076
+0083284728
+0118235400
+0000000000
-0000149721
+0000000000
+0000988728
+0000033333
04
+0055693308
+0083468688
+0118739976
+0000000000
-0000149721
+0000000000
+0000988728
+0000033333
04
+0055519724
+0083621520
+0119244272
+0000000000
-0000149721
+0000000000
+0000988728
+0000033333
04
+0055345564
+0083743288
+0119748368
+0000000000
-0000149721
+0000000000
+0000988728
+0000033333
04
+0055170680
+0083833920
+0120252216
+0000000000
-0000149721
+0000000000
+0000988728
+0000033333
04
+0054996000
+0083893432
+0120756128
+0000000000
-0000149721
+0000000000
+0000988728
+0000033333
04
+0054822872
+0083921816
+0121260576
+0000000000
-0000149721
+0000000000
+0000988728
+0000033333
04
+0054650760
+0083919128
+0121765376
+0000000000
-0000149721
+0000000000
+0000988728
+0000033333
04
+0054477084
+0083884400
+0122277272
+0000000000
-0000149721
+0000000000
+0000988728
+0000033784
04
+0054307944
+0083819032
+0122783080
+0000000000
-0000149721
+0000000000
+0000988728
+0000033333
04
+0054141972
+0083722536
+0123289936
+0000000000
-0000149721
+0000000000
+0000988728
+0000033333
04
+0053980240
+0083594968
+0123798152
+0000000000
-0000149721
+0000000000
+0000988728
+0000033333
04
+0053822588
+0083436280
+0124307648
+0000000000
-0000149721
+0000000000
+0000988728
+0000033333
04
+0053668868
+0083246456
+0124818344
+0000000000
-0000149721
+0000000000
+0000988728
+0000033333
04
+0053518928
+0083025576
+0125330168
+0000000000
-0000149721
+0000000000
+0000988728
+0000033333
04
+0053372624
+0082773560
+0125843040
+0000000000
-0000149721
+0000000000
+0000988728
+0000033333
04
+0053225216
+0082480288
+0126373440
+0000000000
-0000149721
+0000000000
+0000988728
+0000034406
04
+0053085764
+0082165040
+0126888224
+0000000000
-0000149721
+0000000000
+0000988728
+0000033333
04
+0052949548
+0081818664
+0127403872
+0000000000
-0000149721
+0000000000
+0000988728
+0000033333
04
+0052816432
+0081453064
+0127920328
+0000000000
-0000141753
+0000000000
+0000989901
+0000033333
04
+0052754212
+0081453064
+0128483280
+0000000000
-0000112927
+0000000000
+0000993603
+0000033333
00
+0052691988
+0081453064
+0129046232
+0000000000
-0000093655
+0000000000
+0000995604
+0000033333
00
+0052629768
+0081453064
+0129609192
+0000000000
-0000080787
+0000000000
+0000996731
+0000033333
00
+0052566128
+0081453064
+0130184984
+0000000000
-0000072201
+0000000000
+0000997390
+0000034093
00
+0052503908
+0081453064
+0130747944
+0000000000
-0000066473
+0000000000
+0000997788
+0000033333
00
+0052441684
+0081453064
+0131310896
+0000000000
-0000062654
+0000000000
+0000998035
+0000033333
00
+0052379464
+0081453064
+0131873856
+0000000000
-0000060106
+0000000000
+0000998191
+0000033333
00
+0052317240
+0081453064
+0132436816
+0000000000
-0000058408
+0000000000
+0000998292
+0000033333
00
+0052255020
+0081453064
+0132999768
+0000000000
-0000057275
+0000000000
+0000998358
+0000033333
00
+0052036176
+0081453064
+0133537520
+0000000000
-0000102439
+0000000000
+0000994739
+0000033717
00
+0051709852
+0081453064
+0133991152
+0000000000
-0000171496
+0000000000
+0000985184
+0000033333
00
+0051240556
+0081453064
+0134269680
+0000000000
-0000283486
+0000000000
+0000958976
+0000034450
00
+0050693648
+0081453064
+0134334320
+0000000000
-0000420330
+0000000000
+0000907370
+0000033333
00
+0050146676
+0081453064
+0134263920
+0000000000
-0000541601
+0000000000
+0000840635
+0000033333
00
+0049601968
+0081453064
+0134169648
+0000000000
-0000622490
+0000000000
+0000782627
+0000033333
00
+0049055932
+0081453064
+0134045456
+0000000000
-0000679453
+0000000000
+0000733718
+0000033333
00
+0048513560
+0081453064
+0133917056
+0000000000
-0000716349
+0000000000
+0000697741
+0000033333
00
+0047973944
+0081453064
+0133782928
+0000000000
-0000741144
+0000000000
+0000671345
+0000033333
00
+0047440128
+0081453064
+0133641248
+0000000000
-0000758854
+0000000000
+0000651260
+0000033333
00
+0046909064
+0082321960
+0133493848
+0000000000
-0000811985
+0000000000
+0000583676
+0000033333
04
+0046395160
+0083159728
+0133351208
+0000000000
-0000811985
+0000000000
+0000583676
+0000033333
04
+0045881256
+0083966368
+0133208576
+0000000000
-0000811985
+0000000000
+0000583676
+0000033333
04
+0045367352
+0084741944
+0133065936
+0000000000
-0000811985
+0000000000
+0000583676
+0000033333
04
+0044853448
+0085486392
+0132923296
+0000000000
-0000811985
+0000000000
+0000583676
+0000033333
04
+0044339544
+0086199704
+0132780656
+0000000000
-0000811985
+0000000000
+0000583676
+0000033333
04
+0043825636
+0086881960
+0132638016
+0000000000
-0000811985
+0000000000
+0000583676
+0000033333
04
+0043311732
+0087533080
+0132495376
+0000000000
-0000811985
+0000000000
+0000583676
+0000033333
04
+0042790176
+0088161864
+0132350616
+0000000000
-0000811985
+0000000000
+0000583676
+0000033829
04
+0042276272
+0088750304
+0132207976
+0000000000
-0000811985
+0000000000
+0000583676
+0000033333
04
+0041762368
+0089307616
+0132065336
+0000000000
-0000811985
+0000000000
+0000583676
+0000033333
04
+0041245216
+0089836912
+0131921800
+0000000000
-0000811985
+0000000000
+0000583676
+0000033543
04
+0040731312
+0090331784
+0131779160
+0000000000
-0000811985
+0000000000
+0000583676
+0000033333
04
+0040217444
+0090795592
+0131636384
+0000000000
-0000811985
+0000000000
+0000583676
+0000033333
04
+0039703616
+0091228272
+0131493472
+0000000000
-0000811985
+0000000000
+0000583676
+0000033333
04
+0039189888
+0091629824
+0131350192
+0000000000
-0000811985
+0000000000
+0000583676
+0000033333
04
+0038676320
+0092000248
+0131206344
+0000000000
-0000811985
+0000000000
+0000583676
+0000033333
04
+0038138284
+0092354552
+0131053512
+0000000000
-0000811985
+0000000000
+0000583676
+0000034957
04
+0037625896
+0092661256
+0130905504
+0000000000
-0000811985
+0000000000
+0000583676
+0000033333
04
+0037114212
+0092936888
+0130755096
+0000000000
-0000811985
+0000000000
+0000583676
+0000033333
04
+0036603544
+0093181400
+0130601272
+0000000000
-0000811985
+0000000000
+0000583676
+0000033333
04
+0036094192
+0093394776
+0130443128
+0000000000
-0000811985
+0000000000
+0000583676
+0000033333
04
+0035586328
+0093577024
+0130280288
+0000000000
-0000811985
+0000000000
+0000583676
+0000033333
04
+0035080048
+0093728208
+0130112576
+0000000000
-0000811985
+0000000000
+0000583676
+0000033333
04
+0034575336
+0093848264
+0129940216
+0000000000
-0000811985
+0000000000
+0000583676
+0000033333
04
+0034072172
+0093937192
+0129763384
+0000000000
-0000811985
+0000000000
+0000583676
+0000033333
04
+0033570528
+0093994992
+0129582272
+0000000000
-0000811985
+0000000000
+0000583676
+0000033333
04
+0033070384
+0094021728
+0129397080
+0000000000
-0000811985
+0000000000
+0000583676
+0000033333
04
+0032571708
+0094017336
+0129207960
+0000000000
-0000811985
+0000000000
+0000583676
+0000033333
04
+0032074470
+0093981808
+0129015088
+0000000000
-0000811985
+0000000000
+0000583676
+0000033333
04
+0031578638
+0093915160
+0128818632
+0000000000
-0000811985
+0000000000
+0000583676
+0000033333
04
+0031084180
+0093817440
+0128618744
+0000000000
-0000811985
+0000000000
+0000583676
+0000033333
04
+0030591066
+0093688600
+0128415560
+0000000000
-0000811985
+0000000000
+0000583676
+0000033333
04
+0030099278
+0093528624
+0128209184
+0000000000
-0000811985
+0000000000
+0000583676
+0000033333
04
+0029608780
+0093337584
+0127999760
+0000000000
-0000811985
+0000000000
+0000583676
+0000033333
04
+0029119540
+0093115416
+0127787424
+0000000000
-0000811985
+0000000000
+0000583676
+0000033333
04
+0028631522
+0092862120
+0127572288
+0000000000
-0000811985
+0000000000
+0000583676
+0000033333
04
+0028144692
+0092577696
+0127354480
+0000000000
-0000811985
+0000000000
+0000583676
+0000033333
04
+0027659016
+0092262208
+0127134104
+0000000000
-0000811985
+0000000000
+0000583676
+0000033333
04
+0027174462
+0091915592
+0126911280
+0000000000
-0000811985
+0000000000
+0000583676
+0000033333
04
+0026690994
+0091537840
+0126686104
+0000000000
-0000811985
+0000000000
+0000583676
+0000033333
04
+0026208580
+0091129032
+0126458680
+0000000000
-0000811985
+0000000000
+0000583676
+0000033333
04
+0025727186
+0090689088
+0126229104
+0000000000
-0000811985
+0000000000
+0000583676
+0000033333
04
+0025130936
+0091567992
+0125863008
+0000000000
-0000872707
+0000000000
+0000488243
+0000033733
04
+0024676436
+0092405392
+0125583944
+0000000000
-0000872707
+0000000000
+0000488243
+0000033333
04
+0024221936
+0093211672
+0125304888
+0000000000
-0000872707
+0000000000
+0000488243
+0000033333
04
+0023767436
+0093986880
+0125025824
+0000000000
-0000872707
+0000000000
+0000488243
+0000033333
04
+0023312934
+0094730960
+0124746768
+0000000000
-0000872707
+0000000000
+0000488243
+0000033333
04
+0022858434
+0095443912
+0124467704
+0000000000
-0000872707
+0000000000
+0000488243
+0000033333
04
+0022403934
+0096125736
+0124188648
+0000000000
-0000872707
+0000000000
+0000488243
+0000033333
04
+0021949434
+0096776488
+0123909584
+0000000000
-0000872707
+0000000000
+0000488243
+0000033333
04
+0021494934
+0097396120
+0123630520
+0000000000
-0000872707
+0000000000
+0000488243
+0000033333
04
+0021040434
+0097984616
+0123351464
+0000000000
-0000872707
+0000000000
+0000488243
+0000033333
04
+0020585934
+0098541992
+0123072400
+0000000000
-0000872707
+0000000000
+0000488243
+0000033333
04
+0020126976
+0099073120
+0122790600
+0000000000
-0000872707
+0000000000
+0000488243
+0000033660
04
+0019672738
+0099567992
+0122511120
+0000000000
-0000872707
+0000000000
+0000488243
+0000033333
04
+0019219346
+0100031736
+0122230272
+0000000000
-0000872707
+0000000000
+0000488243
+0000033333
04
+0018767368
+0100464416
+0121947144
+0000000000
-0000872707
+0000000000
+0000488243
+0000033333
04
+0018317362
+0100865968
+0121660896
+0000000000
-0000872707
+0000000000
+0000488243
+0000033333
04
+0017869590
+0101236632
+0121370544
+0000000000
-0000872707
+0000000000
+0000488243
+0000033354
04
+0017425168
+0101575928
+0121075704
+0000000000
-0000872707
+0000000000
+0000488243
+0000033333
04
+0016984346
+0101884096
+0120775504
+0000000000
-0000872707
+0000000000
+0000488243
+0000033333
04
+0016537474
+0102166872
+0120462152
+0000000000
-0000872707
+0000000000
+0000488243
+0000034111
04
+0016105505
+0102412112
+0120149344
+0000000000
-0000872707
+0000000000
+0000488243
+0000033333
04
+0015678792
+0102626224
+0119829408
+0000000000
-0000872707
+0000000000
+0000488243
+0000033333
04
+0015257887
+0102809264
+0119501872
+0000000000
-0000872707
+0000000000
+0000488243
+0000033333
04
+0014843349
+0102961184
+0119166304
+0000000000
-0000872707
+0000000000
+0000488243
+0000033333
04
+0014435741
+0103081968
+0118822360
+0000000000
-0000872707
+0000000000
+0000488243
+0000033333
04
+0014035635
+0103171632
+0118469712
+0000000000
-0000872707
+0000000000
+0000488243
+0000033333
04
+0013643604
+0103230224
+0118108112
+0000000000
-0000872707
+0000000000
+0000488243
+0000033333
04
+0013260227
+0103257688
+0117737344
+0000000000
-0000872707
+0000000000
+0000488243
+0000033333
04
+0012886086
+0103254032
+0117357264
+0000000000
-0000872707
+0000000000
+0000488243
+0000033333
04
+0012521763
+0103219240
+0116967760
+0000000000
-0000872707
+0000000000
+0000488243
+0000033333
04
+0012167843
+0103153384
+0116568776
+0000000000
-0000872707
+0000000000
+0000488243
+0000033333
04
+0011824397
+0103056400
+0116160752
+0000000000
-0000872707
+0000000000
+0000488243
+0000033333
04
+0011491302
+0102928280
+0115744224
+0000000000
-0000872707
+0000000000
+0000488243
+0000033333
04
+0011168412
+0102769104
+0115319744
+0000000000
-0000872707
+0000000000
+0000488243
+0000033333
04
+0010854697
+0102578184
+0114886608
+0000000000
-0000872707
+0000000000
+0000488243
+0000033425
04
+0010551709
+0102356688
+0114447696
+0000000000
-0000872707
+0000000000
+0000488243
+0000033333
04
+0010257471
+0102104064
+0114002872
+0000000000
-0000872707
+0000000000
+0000488243
+0000033333
04
+0009961151
+0101814640
+0113547840
+0000000000
-0000872707
+0000000000
+0000488243
+0000033937
04
+0009672701
+0101499208
+0113099240
+0000000000
-0000872707
+0000000000
+0000488243
+0000033333
04
+0009384337
+0101152712
+0112650592
+0000000000
-0000872707
+0000000000
+0000488243
+0000033333
04
+0009096057
+0100775088
+0112201880
+0000000000
-0000872707
+0000000000
+0000488243
+0000033333
04
+0008807856
+0100366336
+0111753120
+0000000000
-0000872707
+0000000000
+0000488243
+0000033333
04
+0008519732
+0099926512
+0111304312
+0000000000
-0000872707
+0000000000
+0000488243
+0000033333
04
+0008231681
+0099455568
+0110855464
+0000000000
-0000872707
+0000000000
+0000488243
+0000033333
04
+0007943496
+0098953488
+0110406696
+0000000000
-0000872707
+0000000000
+0000488243
+0000033333
04
+0007655182
+0098420288
+0109958008
+0000000000
-0000872707
+0000000000
+0000488243
+0000033333
04
+0007366326
+0097855960
+0109509672
+0000000000
-0000872707
+0000000000
+0000488243
+0000033333
04
+0007055114
+0097216128
+0109030936
+0000000000
-0000872707
+0000000000
+0000488243
+0000035687
04
+0006761378
+0096587400
+0108585784
+0000000000
-0000872707
+0000000000
+0000488243
+0000033333
04
+0006464296
+0095927552
+0108142856
+0000000000
-0000872707
+0000000000
+0000488243
+0000033333
04
+0006163076
+0095236632
+0107702728
+0000000000
-0000872707
+0000000000
+0000488243
+0000033333
04
+0006012587
+0094514584
+0107265840
+0000000000
-0000707105
+0000000000
+0000707107
+0000033333
02
+0006012587
+0094403440
+0107265840
+0000000000
-0000707105
+0000000000
+0000707107
+0000033333
02
+0006012587
+0094292360
+0107265840
+0000000000
-0000707105
+0000000000
+0000707107
+0000033333
02
+0006012587
+0094181272
+0107265840
+0000000000
-0000707105
+0000000000
+0000707107
+0000033333
02
+0006012587
+0094070192
+0107265840
+0000000000
-0000707105
+0000000000
+0000707107
+0000033333
02
+0006012587
+0093959104
+0107265840
+0000000000
-0000707105
+0000000000
+0000707107
+0000033333
02
+0006012587
+0093848024
+0107265840
+0000000000
-0000707105
+0000000000
+0000707107
+0000033333
02
+0006012587
+0093736936
+0107265840
+0000000000
-0000707105
+0000000000
+0000707107
+0000033333
02
+0006012587
+0093625856
+0107265840
+0000000000
-0000872708
+0000000000
-0000488241
+0000033333
03
+0006353100
+0094494752
+0107056376
+0000000000
-0000872708
+0000000000
-0000488241
+0000033333
03
+0006692422
+0095332520
+0106846616
+0000000000
-0000872708
+0000000000
-0000488241
+0000033333
03
+0007029352
+0096139160
+0106636296
+0000000000
-0000872708
+0000000000
-0000488241
+0000033333
03
+0007362296
+0096914736
+0106425048
+0000000000
-0000872708
+0000000000
-0000488241
+0000033333
03
+0007689260
+0097659176
+0106212400
+0000000000
-0000872708
+0000000000
-0000488241
+0000033333
03
+0008007848
+0098372496
+0105997792
+0000000000
-0000872708
+0000000000
-0000488241
+0000033333
03
+0008315284
+0099054688
+0105780576
+0000000000
-0000872708
+0000000000
-0000488241
+0000033333
03
+0008608345
+0099705808
+0105560048
+0000000000
-0000872708
+0000000000
-0000488241
+0000033333
03
+0008883442
+0100325808
+0105335392
+0000000000
-0000872708
+0000000000
-0000488241
+0000033333
03
+0009137339
+0100914672
+0105105624
+0000000000
-0000872708
+0000000000
-0000488241
+0000033333
03
+0009370035
+0101472472
+0104870760
+0000000000
-0000872708
+0000000000
-0000488241
+0000033333
03
+0009581532
+0101999144
+0104630800
+0000000000
-0000872708
+0000000000
-0000488241
+0000033333
03
+0009771830
+0102494688
+0104385744
+0000000000
-0000872708
+0000000000
-0000488241
+0000033333
03
+0009946430
+0102973208
+0104127448
+0000000000
-0000872708
+0000000000
-0000488241
+0000034418
03
+0010094328
+0103405520
+0103872200
+0000000000
-0000872708
+0000000000
-0000488241
+0000033333
03
+0010221025
+0103806704
+0103611856
+0000000000
-0000872708
+0000000000
-0000488241
+0000033333
03
+0010326524
+0104176816
+0103346416
+0000000000
-0000872708
+0000000000
-0000488241
+0000033333
03
+0010410822
+0104515808
+0103075872
+0000000000
-0000872708
+0000000000
-0000488241
+0000033333
03
+0010474305
+0104827944
+0102797232
+0000000000
-0000872708
+0000000000
-0000488241
+0000033845
03
+0010514449
+0105104248
+0102520184
+0000000000
-0000872708
+0000000000
-0000488241
+0000033333
03
+0010531457
+0105349424
+0102242112
+0000000000
-0000872708
+0000000000
-0000488241
+0000033333
03
+0010525026
+0105563480
+0101965128
+0000000000
-0000872708
+0000000000
-0000488241
+0000033333
03
+0010495193
+0105746456
+0101689480
+0000000000
-0000872708
+0000000000
-0000488241
+0000033333
03
+0010441959
+0105898312
+0101415168
+0000000000
-0000872708
+0000000000
-0000488241
+0000033333
03
+0010120958
+0106767208
+0101434400
+0000000000
-0000685636
+0000000000
+0000727943
+0000033333
04
+0009776525
+0107604984
+0101455040
+0000000000
-0000685636
+0000000000
+0000727943
+0000033333
04
+0009408660
+0108411624
+0101477080
+0000000000
-0000685636
+0000000000
+0000727943
+0000033333
04
+0009017363
+0109187192
+0101500528
+0000000000
-0000685636
+0000000000
+0000727943
+0000033333
04
+0008602633
+0109931640
+0101525376
+0000000000
-0000685636
+0000000000
+0000727943
+0000033333
04
+0008164469
+0110644960
+0101551632
+0000000000
-0000685636
+0000000000
+0000727943
+0000033333
04
+0007702876
+0111327152
+0101579288
+0000000000
-0000685636
+0000000000
+0000727943
+0000033333
04
+0007217849
+0111978272
+0101608344
+0000000000
-0000685636
+0000000000
+0000727943
+0000033333
04
+0006700936
+0112608032
+0101639376
+0000000000
-0000685636
+0000000000
+0000727943
+0000033885
04
+0006169014
+0113196408
+0101671304
+0000000000
-0000685636
+0000000000
+0000727943
+0000033333
04
+0006012587
+0113753664
+0101703256
+0000000000
-0000707107
+0000000000
+0000707105
+0000033333
02
+0006012587
+0113642576
+0101703256
+0000000000
-0000707107
+0000000000
+0000707105
+0000033333
02
+0006012587
+0113531496
+0101703256
+0000000000
+0000685635
+0000000000
+0000727944
+0000033333
03
+0006411430
+0114400392
+0101727200
+0000000000
+0000685635
+0000000000
+0000727944
+0000033333
03
+0006808952
+0115238160
+0101751232
+0000000000
+0000685635
+0000000000
+0000727944
+0000033333
03
+0007203830
+0116044800
+0101775408
+0000000000
+0000685635
+0000000000
+0000727944
+0000033333
03
+0007594303
+0116820376
+0101799840
+0000000000
+0000685635
+0000000000
+0000727944
+0000033333
03
+0007978168
+0117564816
+0101824672
+0000000000
+0000685635
+0000000000
+0000727944
+0000033333
03
+0008352781
+0118278136
+0101850040
+0000000000
+0000685635
+0000000000
+0000727944
+0000033333
03
+0008728541
+0118984496
+0101877144
+0000000000
+0000685635
+0000000000
+0000727944
+0000034572
03
+0009074999
+0119634464
+0101904264
+0000000000
+0000685635
+0000000000
+0000727944
+0000033333
03
+0009401660
+0120253296
+0101932632
+0000000000
+0000685635
+0000000000
+0000727944
+0000033333
03
+0009721617
+0120871704
+0101964112
+0000000000
+0000685635
+0000000000
+0000727944
+0000035175
03
+0010001353
+0121426632
+0101995408
+0000000000
+0000685635
+0000000000
+0000727944
+0000033333
03
+0010257627
+0121950440
+0102028176
+0000000000
+0000685635
+0000000000
+0000727944
+0000033333
03
+0010490438
+0122443112
+0102062408
+0000000000
+0000685635
+0000000000
+0000727944
+0000033333
03
+0009954961
+0123312008
+0102095112
+0000000000
-0000685214
+0000000000
+0000728340
+0000033333
04
+0009422620
+0124149784
+0102127616
+0000000000
-0000685214
+0000000000
+0000728340
+0000033333
04
+0008890278
+0124956424
+0102160128
+0000000000
-0000685214
+0000000000
+0000728340
+0000033333
04
+0008357936
+0125731992
+0102192632
+0000000000
-0000685214
+0000000000
+0000728340
+0000033333
04
+0007825594
+0126476440
+0102225144
+0000000000
-0000685214
+0000000000
+0000728340
+0000033333
04
+0007293255
+0127189760
+0102257688
+0000000000
-0000685214
+0000000000
+0000728340
+0000033333
04
+0006760917
+0127871952
+0102290264
+0000000000
-0000685214
+0000000000
+0000728340
+0000033333
04
+0006228581
+0128523072
+0102322872
+0000000000
-0000685214
+0000000000
+0000728340
+0000033333
04
+0005696677
+0129143064
+0102361904
+0000000000
-0000685214
+0000000000
+0000728340
+0000033333
04
+0005166015
+0129731936
+0102415208
+0000000000
-0000685214
+0000000000
+0000728340
+0000033333
04
+0004637437
+0130289672
+0102486264
+0000000000
-0000685214
+0000000000
+0000728340
+0000033333
04
+0004124189
+0130816344
+0102574760
+0000000000
-0000685214
+0000000000
+0000728340
+0000033333
04
+0003630208
+0131311888
+0102672416
+0000000000
-0000685214
+0000000000
+0000728340
+0000033333
04
+0003155490
+0131776368
+0102779240
+0000000000
-0000685214
+0000000000
+0000728340
+0000033333
04
+0002702487
+0132209720
+0102890080
+0000000000
-0000685214
+0000000000
+0000728340
+0000033333
04
+0002271713
+0132611936
+0103003864
+0000000000
-0000685214
+0000000000
+0000728340
+0000033333
04
+0001835879
+0133005736
+0103128136
+0000000000
-0000685214
+0000000000
+0000728340
+0000035570
04
+0001449895
+0133343624
+0103247088
+0000000000
-0000685214
+0000000000
+0000728340
+0000033333
04
+0001086353
+0133650392
+0103368520
+0000000000
-0000685214
+0000000000
+0000728340
+0000033333
04
+0000740584
+0133929504
+0103493992
+0000000000
-0000685214
+0000000000
+0000728340
+0000033798
04
+0000422105
+0134173648
+0103620024
+0000000000
-0000685214
+0000000000
+0000728340
+0000033333
04
+0000126247
+0134386656
+0103748176
+0000000000
-0000685214
+0000000000
+0000728340
+0000033333
04
-0000146897
+0134568608
+0103878240
+0000000000
-0000685214
+0000000000
+0000728340
+0000033333
04
-0000397238
+0134719424
+0104010040
+0000000000
-0000685214
+0000000000
+0000728340
+0000033333
04
-0000624775
+0134839104
+0104143560
+0000000000
-0000685214
+0000000000
+0000728340
+0000033333
04
-0000829418
+0134927728
+0104278624
+0000000000
-0000685214
+0000000000
+0000728340
+0000033333
04
-0001011136
+0134985232
+0104415160
+0000000000
-0000685214
+0000000000
+0000728340
+0000033333
04
-0001171987
+0135011536
+0104554928
+0000000000
-0000685214
+0000000000
+0000728340
+0000033771
04
-0001307765
+0135006352
+0104694224
+0000000000
-0000685214
+0000000000
+0000728340
+0000033333
04
-0001420528
+0134970096
+0104834800
+0000000000
-0000685214
+0000000000
+0000728340
+0000033333
04
-0001510214
+0134902704
+0104976528
+0000000000
-0000685214
+0000000000
+0000728340
+0000033333
04
-0001576602
+0134804192
+0105118264
+0000000000
-0000685214
+0000000000
+0000728340
+0000033333
04
-0001619696
+0134674624
+0105258760
+0000000000
-0000685214
+0000000000
+0000728340
+0000033333
04
-0001639567
+0134513920
+0105396768
+0000000000
-0000685214
+0000000000
+0000728340
+0000033333
04
-0001636369
+0134322080
+0105531128
+0000000000
-0000685214
+0000000000
+0000728340
+0000033333
04
-0001610137
+0134099120
+0105659856
+0000000000
-0000685214
+0000000000
+0000728340
+0000033333
04
-0001561001
+0133845096
+0105780704
+0000000000
-0000685214
+0000000000
+0000728340
+0000033333
04
-0001494155
+0133559936
+0105890624
+0000000000
-0000685214
+0000000000
+0000728340
+0000033333
04
-0001417415
+0133243656
+0105989232
+0000000000
-0000685214
+0000000000
+0000728340
+0000033333
04
-0001340627
+0132896240
+0106083200
+0000000000
-0000685214
+0000000000
+0000728340
+0000033333
04
-0001264166
+0132517760
+0106168928
+0000000000
-0000685214
+0000000000
+0000728340
+0000033333
04
-0001195505
+0132108152
+0106237408
+0000000000
-0000685214
+0000000000
+0000728340
+0000033333
04
-0001137595
+0131667480
+0106285864
+0000000000
-0000685214
+0000000000
+0000728340
+0000033333
04
-0001091224
+0131195680
+0106314816
+0000000000
-0000685214
+0000000000
+0000728340
+0000033333
04
-0001057360
+0130692752
+0106324880
+0000000000
-0000685214
+0000000000
+0000728340
+0000033333
04
-0001036940
+0130158688
+0106316712
+0000000000
-0000685214
+0000000000
+0000728340
+0000033333
04
-0001030869
+0129593504
+0106291008
+0000000000
-0000685214
+0000000000
+0000728340
+0000033333
04
-0001040209
+0128997256
+0106248600
+0000000000
-0000685214
+0000000000
+0000728340
+0000033333
04
-0001065978
+0128369872
+0106190368
+0000000000
-0000685214
+0000000000
+0000728340
+0000033333
04
-0001109766
+0127711368
+0106117616
+0000000000
-0000685214
+0000000000
+0000728340
+0000033333
04
-0001172837
+0127021792
+0106032264
+0000000000
-0000685214
+0000000000
+0000728340
+0000033333
04
-0001256109
+0126301088
+0105936872
+0000000000
-0000685214
+0000000000
+0000728340
+0000033333
04
-0001360007
+0125549256
+0105833144
+0000000000
-0000685214
+0000000000
+0000728340
+0000033333
04
-0001485055
+0124766360
+0105722416
+0000000000
-0000685214
+0000000000
+0000728340
+0000033333
04
-0001631540
+0123952328
+0105606040
+0000000000
-0000685214
+0000000000
+0000728340
+0000033333
04
-0001799613
+0123107176
+0105485904
+0000000000
-0000685214
+0000000000
+0000728340
+0000033333
04
-0001989050
+0122230896
+0105363720
+0000000000
-0000685214
+0000000000
+0000728340
+0000033333
04
-0002199867
+0121323488
+0105242016
+0000000000
-0000685214
+0000000000
+0000728340
+0000033333
04
-0002431981
+0120385008
+0105122960
+0000000000
-0000685214
+0000000000
+0000728340
+0000033333
04
-0002685218
+0119415408
+0105007936
+0000000000
-0000685214
+0000000000
+0000728340
+0000033333
04
-0002959097
+0118414672
+0104898904
+0000000000
-0000685214
+0000000000
+0000728340
+0000033333
04
-0003239692
+0117253048
+0104792744
+0000000000
-0000734782
+0000000000
+0000678302
+0000033333
04
-0003239692
+0117253048
+0104792744
+0000000000
-0000780705
+0000000000
+0000624899
+0000033333
01
-0003239692
+0117253048
+0104792744
+0000000000
-0000822754
+0000000000
+0000568395
+0000033333
01
-0003239692
+0117253048
+0104792744
+0000000000
-0000822754
+0000000000
+0000568395
+0000033333
01
-0003239692
+0117253048
+0104792744
+0000000000
-0000822754
+0000000000
+0000568395
+0000033333
01
-0003239692
+0117253048
+0104792744
+0000000000
-0000822754
+0000000000
+0000568395
+0000033333
01
-0003239692
+0117253048
+0104792744
+0000000000
-0000822754
+0000000000
+0000568395
+0000033333
01
-0003239692
+0117253048
+0104792744
+0000000000
-0000822754
+0000000000
+0000568395
+0000033333
01
-0003239692
+0117253048
+0104792744
+0000000000
-0000822754
+0000000000
+0000568395
+0000033333
01
-0003239692
+0117253048
+0104792744
+0000000000
-0000822754
+0000000000
+0000568395
+0000033333
01
-0003239692
+0117253048
+0104792744
+0000000000
-0000822754
+0000000000
+0000568395
+0000033333
01
-0003239692
+0117253048
+0104792744
+0000000000
-0000822754
+0000000000
+0000568395
+0000033333
01
-0003239692
+0117253048
+0104792744
+0000000000
-0000822754
+0000000000
+0000568395
+0000033498
01
-0003239692
+0117253048
+0104792744
+0000000000
-0000822754
+0000000000
+0000568395
+0000033333
01
-0003239692
+0117253048
+0104792744
+0000000000
-0000822754
+0000000000
+0000568395
+0000033333
01
-0003239692
+0117253048
+0104792744
+0000000000
-0000822754
+0000000000
+0000568395
+0000033333
01
-0003239692
+0117253048
+0104792744
+0000000000
-0000822754
+0000000000
+0000568395
+0000033333
01
-0003239692
+0117253048
+0104792744
+0000000000
-0000822754
+0000000000
+0000568395
+0000033333
01
