+0002010000
+0017548890
+0000000000
+0000000000
+0000000000
+0000000000
+0001000000
+0000033333
00
+0002010000
+0017175538
+0000000000
+0000000000
+0000000000
+0000000000
+0001000000
+0000100000
00
+0002010000
+0016941284
+0000000000
+0000000000
+0000000000
+0000000000
+0001000000
+0000046514
00
+0002010000
+0016592285
+0000000000
+0000000000
+0000000000
+0000000000
+0001000000
+0000053429
00
+0002010000
+0016343445
+0000000000
+0000000000
+0000000000
+0000000000
+0001000000
+0000033333
00
+0002010000
+0016063477
+0000000000
+0000000000
+0000000000
+0000000000
+0001000000
+0000033333
00
+0002010000
+0015739685
+0000000000
+0000000000
+0000000000
+0000000000
+0001000000
+0000034567
00
+0002010000
+0015126404
+0000000000
+0000000000
+0000000000
+0000000000
+0001000000
+0000056074
00
+0002010000
+0014496765
+0000000000
+0000000000
+0000000000
+0000000000
+0001000000
+0000050931
00
+0002010000
+0014053589
+0000000000
+0000000000
+0000000000
+0000000000
+0001000000
+0000033333
00
+0002010000
+0013564087
+0000000000
+0000000000
+0000000000
+0000000000
+0001000000
+0000034334
00
+0002010000
+0012671692
+0000000000
+0000000000
+0000000000
+0000000000
+0001000000
+0000056354
00
+0002010000
+0011653046
+0000000000
+0000000000
+0000000000
+0000000000
+0001000000
+0000033333
00
+0002010000
+0011653046
+0000000000
+0000000000
+0000000000
+0000000000
+0001000000
+0000036308
00
+0002010000
+0011653046
+0000000000
+0000000000
+0000000000
+0000000000
+0001000000
+0000045704
00
+0002010000
+0011653046
+0000000000
+0000000000
+0000000000
+0000000000
+0001000000
+0000033333
00
+0002010000
+0011653046
+0000000000
+0000000000
+0000000000
+0000000000
+0001000000
+0000047847
00
+0002010000
+0011653046
+0000000000
+0000000000
+0000000000
+0000000000
+0001000000
+0000036244
00
+0002010000
+0011653046
+0000000000
+0000000000
+0000000000
+0000000000
+0001000000
+0000035103
00
+0002010000
+0011653046
+0000000000
+0000000000
+0000000000
+0000000000
+0001000000
+0000049376
00
+0002010000
+0011653046
+0000000000
+0000000000
+0000000000
+0000000000
+0001000000
+0000033333
00
+0002010000
+0011653046
+0000000000
+0000000000
+0000000000
+0000000000
+0001000000
+0000033333
00
+0002010000
+0011653046
+0000000000
+0000000000
+0000000000
+0000000000
+0001000000
+0000061060
00
+0002010000
+0011653046
+0000000000
+0000000000
+0000000000
+0000000000
+0001000000
+0000035983
00
+0002010000
+0011653046
+0000000000
+0000000000
+0000000000
+0000000000
+0001000000
+0000043499
00
+0002010000
+0011653046
+0000000000
+0000000000
+0000000000
+0000000000
+0001000000
+0000048012
00
+0002010000
+0011653046
+0000000000
+0000000000
+0000000000
+0000000000
+0001000000
+0000033333
00
+0002010000
+0011653046
+0000000000
+0000000000
+0000000000
+0000000000
+0001000000
+0000058169
00
+0002010000
+0011653046
+0000000000
+0000000000
+0000000000
+0000000000
+0001000000
+0000033333
00
+0002010000
+0011653046
+0000000000
+0000000000
+0000000000
+0000000000
+0001000000
+0000033333
00
+0002010000
+0011653046
+0000000000
+0000000000
+0000000000
+0000000000
+0001000000
+0000058814
00
+0002010000
+0011653046
+0000000000
+0000000000
+0000000000
+0000000000
+0001000000
+0000044962
00
+0002010000
+0011653046
+0000000000
+0000000000
+0000000000
+0000000000
+0001000000
+0000033333
00
+0002010000
+0011653046
+0000000000
+0000000000
+0000000000
+0000000000
+0001000000
+0000040177
00
+0002010000
+0011653046
+0000000000
+0000000000
+0000000000
+0000000000
+0001000000
+0000048033
00
+0002010000
+0011653046
+0000000000
+0000000000
+0000000000
+0000000000
+0001000000
+0000033333
00
+0002010000
+0011653046
+0000000000
+0000000000
+0000000000
+0000000000
+0001000000
+0000033990
00
+0002010000
+0011653046
+0000000000
+0000000000
+0000000000
+0000000000
+0001000000
+0000044692
00
+0002010000
+0011653046
+0000000000
+0000000000
+0000000000
+0000000000
+0001000000
+0000053719
00
+0002011895
+0011653046
-0000001820
+0000000000
+0000379560
+0000000000
+0000925166
+0000033638
00
+0002030268
+0011653046
-0000006929
+0000000000
+0000536730
+0000000000
+0000843753
+0000033478
00
+0002114368
+0011653046
-0000039736
+0000000000
+0000645358
+0000000000
+0000763879
+0000054062
00
+0002202583
+0011653046
-0000082287
+0000000000
+0000720391
+0000000000
+0000693567
+0000034803
00
+0002371839
+0011653046
-0000175541
+0000000000
+0000771995
+0000000000
+0000635628
+0000045779
00
+0002593737
+0011653046
-0000318751
+0000000000
+0000810674
+0000000000
+0000585497
+0000044818
00
+0002834631
+0011653046
-0000472571
+0000000000
+0000834218
+0000000000
+0000551433
+0000036143
00
+0003253636
+0012901733
-0000738228
+0000000000
+0000895404
+0000000000
+0000445253
+0000048707
04
+0003614054
+0013880066
-0000966739
+0000000000
+0000895404
+0000000000
+0000445253
+0000039902
04
+0004064265
+0014974548
-0001252182
+0000000000
+0000895404
+0000000000
+0000445253
+0000047180
04
+0004614948
+0016161377
-0001601325
+0000000000
+0000895404
+0000000000
+0000445253
+0000054783
04
+0004973834
+0016865174
-0001828865
+0000000000
+0000895404
+0000000000
+0000445253
+0000033979
04
+0005464934
+0017728820
-0002140231
+0000000000
+0000895404
+0000000000
+0000445253
+0000044356
04
+0005863075
+0018365112
-0002392660
+0000000000
+0000895404
+0000000000
+0000445253
+0000034377
04
+0006457781
+0019207702
-0002769714
+0000000000
+0000895404
+0000000000
+0000445253
+0000049185
04
+0006877962
+0019747802
-0003036117
+0000000000
+0000895404
+0000000000
+0000445253
+0000033345
04
+0007490182
+0020443116
-0003424276
+0000000000
+0000895404
+0000000000
+0000445253
+0000046696
04
+0008278612
+0021547424
-0003927719
+0000000000
+0000876977
+0000000000
+0000480531
+0000042800
04
+0008807895
+0022516968
-0004265687
+0000000000
+0000876977
+0000000000
+0000480531
+0000039248
04
+0009302341
+0023385070
-0004581410
+0000000000
+0000876977
+0000000000
+0000480531
+0000036665
04
+0009961970
+0024476196
-0005002609
+0000000000
+0000876977
+0000000000
+0000480531
+0000048914
04
+0010482901
+0025296082
-0005335244
+0000000000
+0000876977
+0000000000
+0000480531
+0000038629
04
+0011092890
+0026198852
-0005724746
+0000000000
+0000876977
+0000000000
+0000480531
+0000045233
04
+0011560781
+0026857604
-0006023513
+0000000000
+0000876977
+0000000000
+0000480531
+0000034696
04
+0012260818
+0027767762
-0006470456
+0000000000
+0000876977
+0000000000
+0000480531
+0000051909
04
+0012710774
+0028321106
-0006756784
+0000000000
+0000876977
+0000000000
+0000480531
+0000033333
04
+0013230836
+0028917908
-0007085287
+0000000000
+0000876977
+0000000000
+0000480531
+0000038445
04
+0013813295
+0029532470
-0007448827
+0000000000
+0000876977
+0000000000
+0000480531
+0000042912
04
+0014267868
+0029978760
-0007727769
+0000000000
+0000876977
+0000000000
+0000480531
+0000033333
04
+0014941150
+0030568604
-0008132454
+0000000000
+0000876977
+0000000000
+0000480531
+0000049096
04
+0015740613
+0031171508
-0008604644
+0000000000
+0000876977
+0000000000
+0000480531
+0000058031
04
+0016199490
+0031486694
-0008876448
+0000000000
+0000876977
+0000000000
+0000480531
+0000033333
04
+0017329692
+0032074280
-0009545897
+0000000000
+0000876977
+0000000000
+0000480531
+0000082099
04
+0017940764
+0032336792
-0009907850
+0000000000
+0000876977
+0000000000
+0000480531
+0000044389
04
+0018467066
+0032521972
-0010219593
+0000000000
+0000876977
+0000000000
+0000480531
+0000038231
04
+0018925942
+0032652344
-0010491397
+0000000000
+0000876977
+0000000000
+0000480531
+0000033333
04
+0019397542
+0032753418
-0010770739
+0000000000
+0000876977
+0000000000
+0000480531
+0000034257
04
+0020105202
+0032831116
-0011189904
+0000000000
+0000876977
+0000000000
+0000480531
+0000051405
04
+0020564078
+0032850402
-0011461708
+0000000000
+0000876977
+0000000000
+0000480531
+0000033333
04
+0021063024
+0032834594
-0011757248
+0000000000
+0000876977
+0000000000
+0000480531
+0000036244
04
+0021567236
+0032781066
-0012055905
+0000000000
+0000876977
+0000000000
+0000480531
+0000036626
04
+0022026112
+0032701232
-0012327709
+0000000000
+0000876977
+0000000000
+0000480531
+0000033333
04
+0023133744
+0032327210
-0012983788
+0000000000
+0000876977
+0000000000
+0000480531
+0000080459
04
+0023592618
+0032141174
-0013255592
+0000000000
+0000876977
+0000000000
+0000480531
+0000033333
04
+0024051494
+0031924012
-0013527396
+0000000000
+0000876977
+0000000000
+0000480531
+0000033333
04
+0025238792
+0031153686
-0014230816
+0000000000
+0000876977
+0000000000
+0000480531
+0000086262
04
+0025930564
+0030633790
-0014640942
+0000000000
+0000876977
+0000000000
+0000480531
+0000050289
04
+0026414964
+0030234498
-0014928518
+0000000000
+0000876977
+0000000000
+0000480531
+0000035254
04
+0026872096
+0029825866
-0015200529
+0000000000
+0000876977
+0000000000
+0000480531
+0000033333
04
+0027364682
+0029347778
-0015494748
+0000000000
+0000876977
+0000000000
+0000480531
+0000036032
04
+0027817992
+0028874390
-0015767211
+0000000000
+0000876977
+0000000000
+0000480531
+0000033333
04
+0028366730
+0028238708
-0016103424
+0000000000
+0000876977
+0000000000
+0000480531
+0000041385
04
+0028897096
+0027555298
-0016436661
+0000000000
+0000876977
+0000000000
+0000480531
+0000041374
04
+0029439052
+0026770874
-0016788384
+0000000000
+0000876977
+0000000000
+0000480531
+0000044179
04
+0029942502
+0025948548
-0017128730
+0000000000
+0000876977
+0000000000
+0000480531
+0000043349
04
+0030350326
+0025203918
-0017416778
+0000000000
+0000876977
+0000000000
+0000480531
+0000037209
04
+0030744168
+0024353028
-0017708152
+0000000000
+0000882420
+0000000000
+0000470460
+0000038214
04
+0030004826
+0024353028
-0017576368
+0000000000
+0000999375
+0000000000
+0000035336
+0000045199
00
+0029436610
+0024353028
-0017475086
+0000000000
+0000964398
+0000000000
-0000264452
+0000034738
00
+0028649766
+0024353028
-0017334834
+0000000000
+0000891739
+0000000000
-0000452549
+0000048103
00
+0028068236
+0024353028
-0017231178
+0000000000
+0000822911
+0000000000
-0000568169
+0000035551
00
+0027294748
+0024353028
-0017097226
+0000000000
+0000769184
+0000000000
-0000639027
+0000047023
00
+0026704322
+0024353028
-0016994974
+0000000000
+0000729958
+0000000000
-0000683491
+0000035894
00
+0025876220
+0024353028
-0016851562
+0000000000
+0000702373
+0000000000
-0000711808
+0000050343
00
+0025065558
+0024353028
-0016713816
+0000000000
+0000683756
+0000000000
-0000729710
+0000049302
00
+0024496096
+0024353028
-0016617054
+0000000000
+0000671091
+0000000000
-0000741374
+0000034633
00
+0023748608
+0024353028
-0016490042
+0000000000
+0000662536
+0000000000
-0000749029
+0000045460
00
+0023200522
+0024353028
-0016396912
+0000000000
+0000656785
+0000000000
-0000754077
+0000033333
00
+0022462628
+0025508300
-0016271530
+0000000000
+0000639301
+0000000000
-0000768956
+0000044877
04
+0021537796
+0026921386
-0016114386
+0000000000
+0000639301
+0000000000
-0000768956
+0000058630
04
+0020867884
+0027894470
-0016000555
+0000000000
+0000639301
+0000000000
-0000768956
+0000042469
04
+0020223532
+0028783752
-0015890985
+0000000000
+0000639301
+0000000000
-0000768956
+0000040850
04
+0019697758
+0029478272
-0015801512
+0000000000
+0000639301
+0000000000
-0000768956
+0000033333
04
+0019171994
+0030141662
-0015711977
+0000000000
+0000639301
+0000000000
-0000768956
+0000033333
04
+0018631442
+0030790832
-0015619862
+0000000000
+0000639301
+0000000000
-0000768956
+0000034271
04
+0018105696
+0031391114
-0015530211
+0000000000
+0000639301
+0000000000
-0000768956
+0000033333
04
+0017218722
+0032315308
-0015378985
+0000000000
+0000639301
+0000000000
-0000768956
+0000056235
04
+0016692972
+0032832032
-0015289359
+0000000000
+0000639301
+0000000000
-0000768956
+0000033333
04
+0015985027
+0033471374
-0015168689
+0000000000
+0000639301
+0000000000
-0000768956
+0000044884
04
+0015376241
+0033979308
-0015066270
+0000000000
+0000639301
+0000000000
-0000768956
+0000038583
04
+0014798392
+0034423584
-0014971720
+0000000000
+0000639301
+0000000000
-0000768956
+0000036595
04
+0014048272
+0034936644
-0014854052
+0000000000
+0000639301
+0000000000
-0000768956
+0000047455
04
+0013491263
+0035282408
-0014771955
+0000000000
+0000639301
+0000000000
-0000768956
+0000035189
04
+0012533183
+0035773924
-0014641544
+0000000000
+0000639301
+0000000000
-0000768956
+0000060432
04
+0012003988
+0036013916
-0014575230
+0000000000
+0000639301
+0000000000
-0000768956
+0000033333
04
+0011262152
+0036288940
-0014489952
+0000000000
+0000639301
+0000000000
-0000768956
+0000046670
04
+0010731735
+0036454284
-0014434247
+0000000000
+0000639301
+0000000000
-0000768956
+0000033333
04
+0009875457
+0036640016
-0014352575
+0000000000
+0000639301
+0000000000
-0000768956
+0000053760
04
+0009344090
+0036724060
-0014306808
+0000000000
+0000639301
+0000000000
-0000768956
+0000033333
04
+0008566956
+0036780456
-0014246769
+0000000000
+0000639301
+0000000000
-0000768956
+0000048715
04
+0008036947
+0037649352
-0014317646
+0000000000
+0000752512
+0000000000
-0000658578
+0000033333
04
+0007238037
+0038891420
-0014424483
+0000000000
+0000752512
+0000000000
-0000658578
+0000050376
04
+0006680525
+0039723572
-0014499039
+0000000000
+0000752512
+0000000000
-0000658578
+0000035154
04
+0005952615
+0040751100
-0014596381
+0000000000
+0000752512
+0000000000
-0000658578
+0000045899
04
+0005423988
+0041466188
-0014667074
+0000000000
+0000752512
+0000000000
-0000658578
+0000033333
04
+0004850989
+0042204772
-0014743774
+0000000000
+0000752512
+0000000000
-0000658578
+0000036131
04
+0004145733
+0043058472
-0014838175
+0000000000
+0000752512
+0000000000
-0000658578
+0000044471
04
+0003569440
+0043719240
-0014916441
+0000000000
+0000752512
+0000000000
-0000658578
+0000036348
04
+0002821144
+0044515260
-0015021115
+0000000000
+0000752512
+0000000000
-0000658578
+0000047223
04
+0002293467
+0045046020
-0015098583
+0000000000
+0000752512
+0000000000
-0000658578
+0000033333
04
+0001609673
+0045682312
-0015204970
+0000000000
+0000752512
+0000000000
-0000658578
+0000043251
04
+0001083604
+0046141600
-0015292697
+0000000000
+0000752512
+0000000000
-0000658578
+0000033333
04
+0000558808
+0046569764
-0015387742
+0000000000
+0000752512
+0000000000
-0000658578
+0000033333
04
-0000216756
+0047136840
-0015546850
+0000000000
+0000752512
+0000000000
-0000658578
+0000049482
04
-0000736382
+0047487732
-0015666990
+0000000000
+0000752512
+0000000000
-0000658578
+0000033333
04
-0001439173
+0047907652
-0015848621
+0000000000
+0000752512
+0000000000
-0000658578
+0000045367
04
-0002014176
+0048214600
-0016013926
+0000000000
+0000752512
+0000000000
-0000658578
+0000037393
04
-0002037412
+0048545044
-0016243113
+0000000000
+0000707104
+0000000000
-0000707109
+0000048160
02
-0002037412
+0048431580
-0016243113
+0000000000
+0000707104
+0000000000
-0000707109
+0000033684
02
-0002037412
+0048193788
-0016243113
+0000000000
+0000707104
+0000000000
-0000707109
+0000048762
02
-0002037412
+0048060240
-0016243113
+0000000000
+0000707104
+0000000000
-0000707109
+0000036544
02
-0002037412
+0047853392
-0016243113
+0000000000
+0000707104
+0000000000
-0000707109
+0000045482
02
-0002037412
+0047734496
-0016243113
+0000000000
+0000707104
+0000000000
-0000707109
+0000034478
02
-0002037412
+0047494996
-0016243113
+0000000000
+0000707104
+0000000000
-0000707109
+0000048941
02
-0002037412
+0047359864
-0016243113
+0000000000
+0000707104
+0000000000
-0000707109
+0000036760
02
-0002037412
+0047160216
-0016243113
+0000000000
+0000707104
+0000000000
-0000707109
+0000044682
02
-0002037412
+0047008360
-0016243113
+0000000000
+0000752516
+0000000000
+0000658573
+0000038967
03
-0001493607
+0048184996
-0016315453
+0000000000
+0000752516
+0000000000
+0000658573
+0000045749
03
-0001033522
+0049140196
-0016375614
+0000000000
+0000752516
+0000000000
+0000658573
+0000038777
03
-0000504702
+0050186036
-0016442249
+0000000000
+0000752516
+0000000000
+0000658573
+0000044731
03
+0000008090
+0051152956
-0016502710
+0000000000
+0000752516
+0000000000
+0000658573
+0000043636
03
+0000418321
+0051898436
-0016545700
+0000000000
+0000752516
+0000000000
+0000658573
+0000035210
03
+0000972707
+0052852968
-0016593077
+0000000000
+0000752516
+0000000000
+0000658573
+0000048146
03
+0001451592
+0053640688
-0016621168
+0000000000
+0000752516
+0000000000
+0000658573
+0000042255
03
+0001935187
+0054399596
-0016632233
+0000000000
+0000752516
+0000000000
+0000658573
+0000043559
03
+0002378814
+0055065856
-0016621040
+0000000000
+0000752516
+0000000000
+0000658573
+0000040934
03
+0002839605
+0055722536
-0016581049
+0000000000
+0000752516
+0000000000
+0000658573
+0000043621
03
+0003270426
+0056301576
-0016515299
+0000000000
+0000752516
+0000000000
+0000658573
+0000041694
03
+0003696519
+0056835448
-0016420778
+0000000000
+0000752516
+0000000000
+0000658573
+0000042003
03
+0004118405
+0057321840
-0016297056
+0000000000
+0000752516
+0000000000
+0000658573
+0000042185
03
+0004583403
+0057802428
-0016126614
+0000000000
+0000752516
+0000000000
+0000658573
+0000047061
03
+0005186595
+0058326540
-0015860183
+0000000000
+0000752516
+0000000000
+0000658573
+0000061790
03
+0005519920
+0058586244
-0015687284
+0000000000
+0000752516
+0000000000
+0000658573
+0000034565
03
+0005902505
+0058842896
-0015458637
+0000000000
+0000752516
+0000000000
+0000658573
+0000040168
03
+0006324806
+0059073244
-0015172025
+0000000000
+0000752516
+0000000000
+0000658573
+0000044869
03
+0006794976
+0059260988
-0014814213
+0000000000
+0000752516
+0000000000
+0000658573
+0000050457
03
+0007102460
+0059353880
-0014554379
+0000000000
+0000752516
+0000000000
+0000658573
+0000033333
03
+0007483093
+0059421388
-0014200098
+0000000000
+0000752516
+0000000000
+0000658573
+0000041686
03
+0007865001
+0059439820
-0013811209
+0000000000
+0000752516
+0000000000
+0000658573
+0000042259
03
+0008243815
+0059408080
-0013391627
+0000000000
+0000752516
+0000000000
+0000658573
+0000042356
03
+0008600773
+0059332276
-0012963689
+0000000000
+0000752516
+0000000000
+0000658573
+0000040334
03
+0008993783
+0059191528
-0012455905
+0000000000
+0000752516
+0000000000
+0000658573
+0000044883
03
+0009337206
+0059023192
-0011979497
+0000000000
+0000752516
+0000000000
+0000658573
+0000039644
03
+0009676088
+0058811524
-0011476419
+0000000000
+0000752516
+0000000000
+0000658573
+0000039548
03
+0009985319
+0058578920
-0010986614
+0000000000
+0000752516
+0000000000
+0000658573
+0000036486
03
+0010327895
+0058262084
-0010409167
+0000000000
+0000752516
+0000000000
+0000658573
+0000041963
03
+0010680665
+0057863100
-0009776876
+0000000000
+0000752516
+0000000000
+0000658573
+0000045252
03
+0010965237
+0057484620
-0009234621
+0000000000
+0000752516
+0000000000
+0000658573
+0000038274
03
+0011286906
+0056977784
-0008583024
+0000000000
+0000752516
+0000000000
+0000658573
+0000045416
03
+0011550264
+0056498840
-0008015881
+0000000000
+0000752516
+0000000000
+0000658573
+0000039081
03
+0011858034
+0055845216
-0007311166
+0000000000
+0000752516
+0000000000
+0000658573
+0000048061
03
+0012146425
+0055136840
-0006608862
+0000000000
+0000752516
+0000000000
+0000658573
+0000047450
03
+0012395492
+0054439088
-0005963542
+0000000000
+0000752516
+0000000000
+0000658573
+0000043232
03
+0012626225
+0053706176
-0005327193
+0000000000
+0000752516
+0000000000
+0000658573
+0000042305
03
+0012845594
+0052918520
-0004682822
+0000000000
+0000752516
+0000000000
+0000658573
+0000042543
03
+0012715135
+0053981324
-0003685202
+0000000000
-0000064970
+0000000000
+0000997887
+0000041115
04
+0012623453
+0055068908
-0002984117
+0000000000
-0000064970
+0000000000
+0000997887
+0000044190
04
+0012534962
+0056067748
-0002307432
+0000000000
-0000064970
+0000000000
+0000997887
+0000042652
04
+0012444889
+0057031128
-0001619054
+0000000000
-0000064970
+0000000000
+0000997887
+0000043390
04
+0012352192
+0057966248
-0000911013
+0000000000
-0000064970
+0000000000
+0000997887
+0000044630
04
+0012282962
+0058633544
-0000382192
+0000000000
-0000064970
+0000000000
+0000997887
+0000033333
04
+0012213333
+0059269716
+0000146575
+0000000000
-0000064970
+0000000000
+0000997887
+0000033333
04
+0012137260
+0059916016
+0000713263
+0000000000
-0000064970
+0000000000
+0000997887
+0000035735
04
+0012047424
+0060606444
+0001359020
+0000000000
-0000064970
+0000000000
+0000997887
+0000040748
04
+0011938160
+0061342348
+0002104618
+0000000000
-0000064970
+0000000000
+0000997887
+0000047097
04
+0011836013
+0061938660
+0002755923
+0000000000
-0000064970
+0000000000
+0000997887
+0000041204
04
+0011724627
+0062493040
+0003413184
+0000000000
-0000064970
+0000000000
+0000997887
+0000041664
04
+0011602387
+0063003908
+0004076145
+0000000000
-0000064970
+0000000000
+0000997887
+0000042133
04
+0011473359
+0063452208
+0004716390
+0000000000
-0000064970
+0000000000
+0000997887
+0000040819
04
+0011330559
+0063858948
+0005363294
+0000000000
-0000064970
+0000000000
+0000997887
+0000041404
04
+0011178555
+0064210020
+0005991373
+0000000000
-0000064970
+0000000000
+0000997887
+0000040388
04
+0011009124
+0064521300
+0006630162
+0000000000
-0000064970
+0000000000
+0000997887
+0000041304
04
+0010825538
+0064783936
+0007262240
+0000000000
-0000064970
+0000000000
+0000997887
+0000041137
04
+0010542419
+0065061888
+0008155903
+0000000000
-0000064970
+0000000000
+0000997887
+0000058589
04
+0010268651
+0065234252
+0008954690
+0000000000
-0000064970
+0000000000
+0000997887
+0000052774
04
+0010084393
+0065312012
+0009455183
+0000000000
-0000064970
+0000000000
+0000997887
+0000033333
04
+0009841659
+0065360596
+0010072771
+0000000000
-0000064970
+0000000000
+0000997887
+0000041473
04
+0009562479
+0065356200
+0010741752
+0000000000
-0000064970
+0000000000
+0000997887
+0000045306
04
+0009338438
+0065319092
+0011249607
+0000000000
-0000064970
+0000000000
+0000997887
+0000034692
04
+0008975238
+0065180116
+0012031929
+0000000000
-0000064970
+0000000000
+0000997887
+0000053907
04
+0008720082
+0065049072
+0012555858
+0000000000
-0000064970
+0000000000
+0000997887
+0000036422
04
+0008395964
+0064653076
+0013190689
+0000000000
-0000121718
+0000000000
+0000992564
+0000044549
04
+0007898735
+0064653076
+0013527171
+0000000000
-0000241578
+0000000000
+0000970381
+0000033690
00
+0007216682
+0064653076
+0013940258
+0000000000
-0000327541
+0000000000
+0000944836
+0000044746
00
+0006646933
+0064653076
+0014235114
+0000000000
-0000393717
+0000000000
+0000919231
+0000035999
00
+0005895625
+0064653076
+0014573993
+0000000000
-0000444807
+0000000000
+0000895626
+0000046250
00
+0005240726
+0064653076
+0014816327
+0000000000
-0000488209
+0000000000
+0000872726
+0000039185
00
+0004638988
+0064653076
+0015310887
+0000000000
-0000468124
+0000000000
+0000883662
+0000046368
00
+0004497239
+0064653076
+0015835291
+0000000000
-0000360475
+0000000000
+0000932768
+0000034920
00
+0004308414
+0064653076
+0016533848
+0000000000
-0000285809
+0000000000
+0000958286
+0000046517
00
+0004376199
+0064653076
+0017339766
+0000000000
-0000178290
+0000000000
+0000983977
+0000050310
00
+0004482892
+0064653076
+0017883140
+0000000000
-0000087074
+0000000000
+0000996201
+0000035659
00
+0004637035
+0064653076
+0018366608
+0000000000
-0000006683
+0000000000
+0000999977
+0000033333
00
+0005182976
+0064653076
+0019008422
+0000000000
+0000112779
+0000000000
+0000993619
+0000053610
00
+0005885309
+0064653076
+0019198266
+0000000000
+0000288966
+0000000000
+0000957339
+0000045469
00
+0006431704
+0064653076
+0019220822
+0000000000
+0000435284
+0000000000
+0000900292
+0000033333
00
+0007035803
+0064653076
+0019187022
+0000000000
+0000540769
+0000000000
+0000841170
+0000035895
00
+0007800870
+0064653076
+0018853546
+0000000000
+0000652749
+0000000000
+0000757573
+0000046701
00
+0008311802
+0064653076
+0018519202
+0000000000
+0000739625
+0000000000
+0000673018
+0000033333
00
+0008852442
+0065964964
+0017814714
+0000000000
+0000978861
+0000000000
+0000204521
+0000051320
04
+0009589857
+0067752016
+0016842158
+0000000000
+0000978861
+0000000000
+0000204521
+0000076281
04
+0009909514
+0068501832
+0016415234
+0000000000
+0000978861
+0000000000
+0000204521
+0000033333
04
+0010226686
+0069220520
+0015986461
+0000000000
+0000978861
+0000000000
+0000204521
+0000033333
04
+0010562183
+0069951168
+0015527579
+0000000000
+0000978861
+0000000000
+0000204521
+0000035527
04
+0011031976
+0070911376
+0014877896
+0000000000
+0000978861
+0000000000
+0000204521
+0000050108
04
+0011342310
+0071519040
+0014444148
+0000000000
+0000978861
+0000000000
+0000204521
+0000033333
04
+0011759717
+0072284848
+0013854744
+0000000000
+0000978861
+0000000000
+0000204521
+0000045139
04
+0012128614
+0072921024
+0013328671
+0000000000
+0000978861
+0000000000
+0000204521
+0000040157
04
+0012490310
+0073511600
+0012798187
+0000000000
+0000978861
+0000000000
+0000204521
+0000040128
04
+0012870695
+0074092712
+0012224841
+0000000000
+0000978861
+0000000000
+0000204521
+0000043003
04
+0013235318
+0074617616
+0011648920
+0000000000
+0000978861
+0000000000
+0000204521
+0000042602
04
+0013230340
+0075668760
+0010828159
+0000000000
+0000999995
+0000000000
-0000003032
+0000040644
04
+0013226403
+0076672000
+0010178979
+0000000000
+0000999995
+0000000000
-0000003032
+0000040574
04
+0013222260
+0077676632
+0009495864
+0000000000
+0000999995
+0000000000
-0000003032
+0000042695
04
+0013218293
+0078591920
+0008841683
+0000000000
+0000999995
+0000000000
-0000003032
+0000040887
04
+0013214406
+0079443728
+0008200771
+0000000000
+0000999995
+0000000000
-0000003032
+0000040057
04
+0013209651
+0080418456
+0007416745
+0000000000
+0000999995
+0000000000
-0000003032
+0000049002
04
+0013203549
+0081558536
+0006410681
+0000000000
+0000999995
+0000000000
-0000003032
+0000062880
04
+0013200315
+0082131776
+0005877358
+0000000000
+0000999995
+0000000000
-0000003032
+0000033333
04
+0013195842
+0082864992
+0005139871
+0000000000
+0000999995
+0000000000
-0000003032
+0000046093
04
+0013192125
+0083433224
+0004527032
+0000000000
+0000999995
+0000000000
-0000003032
+0000038303
04
+0013187633
+0084059264
+0004464237
+0000000000
+0000999999
+0000000000
-0000000002
+0000046234
02
+0013187633
+0083948120
+0004464237
+0000000000
+0000999999
+0000000000
-0000000002
+0000033333
02
+0013187633
+0083783568
+0004464237
+0000000000
+0000999999
+0000000000
-0000000002
+0000040562
02
+0013187633
+0083525272
+0004464237
+0000000000
+0000999999
+0000000000
-0000000002
+0000050821
02
+0013187633
+0083363344
+0004464237
+0000000000
+0000999999
+0000000000
-0000000002
+0000040238
02
+0013187633
+0083252200
+0004464237
+0000000000
+0000999999
+0000000000
-0000000002
+0000033333
02
+0013187633
+0083138184
+0004464237
+0000000000
+0000999999
+0000000000
-0000000002
+0000033762
02
+0013187633
+0082675656
+0004464237
+0000000000
+0000003041
+0000000000
-0000999995
+0000068011
03
+0013182447
+0084453248
+0005316225
+0000000000
+0000003041
+0000000000
-0000999995
+0000071074
03
+0013178117
+0085839296
+0006025642
+0000000000
+0000003041
+0000000000
-0000999995
+0000059365
03
+0013174000
+0087068176
+0006696095
+0000000000
+0000003041
+0000000000
-0000999995
+0000056457
03
+0013171557
+0087762632
+0007087796
+0000000000
+0000003041
+0000000000
-0000999995
+0000033333
03
+0013166878
+0088971128
+0007821118
+0000000000
+0000003041
+0000000000
-0000999995
+0000063411
03
+0013162251
+0090046200
+0008522721
+0000000000
+0000003041
+0000000000
-0000999995
+0000062071
03
+0013157051
+0091105528
+0009276630
+0000000000
+0000003041
+0000000000
-0000999995
+0000068819
03
+0013151222
+0092112184
+0010073723
+0000000000
+0000003041
+0000000000
-0000999995
+0000075863
03
+0013146785
+0092773256
+0010636469
+0000000000
+0000003041
+0000000000
-0000999995
+0000056573
03
+0013143455
+0093209592
+0011021409
+0000000000
+0000003041
+0000000000
-0000999995
+0000041464
03
+0013140714
+0093529296
+0011308747
+0000000000
+0000003041
+0000000000
-0000999995
+0000033333
03
+0013137910
+0093817872
+0011573969
+0000000000
+0000003041
+0000000000
-0000999995
+0000033333
03
+0013135043
+0094075320
+0011817074
+0000000000
+0000003041
+0000000000
-0000999995
+0000033333
03
+0013131180
+0094360656
+0012108424
+0000000000
+0000003041
+0000000000
-0000999995
+0000043946
03
+0013128186
+0094546024
+0012307296
+0000000000
+0000003041
+0000000000
-0000999995
+0000033333
03
+0013121366
+0094804688
+0012701663
+0000000000
+0000003041
+0000000000
-0000999995
+0000074371
03
+0013120621
+0095960936
+0012441218
+0000000000
+0000999998
+0000000000
-0000001433
+0000044915
04
+0013120005
+0096787904
+0012225815
+0000000000
+0000999998
+0000000000
-0000001433
+0000033333
04
+0013118782
+0098176512
+0011797985
+0000000000
+0000999998
+0000000000
-0000001433
+0000060041
04
+0013117840
+0099104616
+0011468539
+0000000000
+0000999998
+0000000000
-0000001433
+0000042295
04
+0013116904
+0099912048
+0011141356
+0000000000
+0000999998
+0000000000
-0000001433
+0000038708
04
+0013115911
+0100666872
+0010793695
+0000000000
+0000999998
+0000000000
-0000001433
+0000038136
04
+0013114875
+0101361576
+0010431437
+0000000000
+0000999998
+0000000000
-0000001433
+0000037042
04
+0013113479
+0102177616
+0009942951
+0000000000
+0000999998
+0000000000
-0000001433
+0000046775
04
+0013112316
+0102778688
+0009536405
+0000000000
+0000999998
+0000000000
-0000001433
+0000036603
04
+0013111308
+0103508360
+0008966421
+0000000000
+0000999998
+0000000000
-0000001433
+0000048440
04
+0013134788
+0104668704
+0007836322
+0000000000
+0000999998
+0000000000
-0000001433
+0000093157
04
+0013152555
+0105052792
+0007423893
+0000000000
+0000999998
+0000000000
-0000001433
+0000033333
04
+0013179277
+0105405760
+0007005203
+0000000000
+0000999998
+0000000000
-0000001433
+0000033333
04
+0013229563
+0105853512
+0006391190
+0000000000
+0000999998
+0000000000
-0000001433
+0000048509
04
+0013308604
+0106381712
+0005448499
+0000000000
+0000999998
+0000000000
-0000001433
+0000073705
04
+0013345526
+0106589480
+0005017822
+0000000000
+0000999998
+0000000000
-0000001433
+0000033333
04
+0013383571
+0106766112
+0004582987
+0000000000
+0000999998
+0000000000
-0000001433
+0000033333
04
+0013469888
+0107006776
+0003596427
+0000000000
+0000999998
+0000000000
-0000001433
+0000075627
04
+0013518055
+0107091184
+0003045895
+0000000000
+0000999998
+0000000000
-0000001433
+0000042202
04
+0013621748
+0107041872
+0001860742
+0000000000
+0000999998
+0000000000
-0000001433
+0000090850
04
+0013733231
+0106717104
+0000577118
+0000000000
+0000999998
+0000000000
-0000001433
+0000098436
04
+0013825508
+0106244264
-0000513799
+0000000000
+0000999998
+0000000000
-0000001433
+0000083764
04
+0013902462
+0105673216
-0001475180
+0000000000
+0000999998
+0000000000
-0000001433
+0000074004
04
+0013994612
+0104643312
-0002747548
+0000000000
+0000999998
+0000000000
-0000001433
+0000098357
04
+0014051157
+0103740360
-0003676495
+0000000000
+0000999998
+0000000000
-0000001433
+0000072268
04
+0014082853
+0102945376
-0004396826
+0000000000
+0000999998
+0000000000
-0000001433
+0000056478
04
+0014113043
+0100353024
-0005574301
+0000000000
+0000999994
+0000000000
+0000003316
+0000090554
04
+0013722775
+0100353024
-0006143594
+0000000000
+0000995206
+0000000000
-0000097790
+0000070991
00
+0013678976
+0100353024
-0007036379
+0000000000
+0000997302
+0000000000
-0000073401
+0000071851
00
+0013679391
+0100353024
-0008125439
+0000000000
+0000998803
+0000000000
-0000048895
+0000065712
00
+0013668926
+0100353024
-0009251499
+0000000000
+0000999416
+0000000000
-0000034152
+0000067767
00
+0013663621
+0100353024
-0009822370
+0000000000
+0000999703
+0000000000
-0000024319
+0000034355
00
+0013585826
+0100353024
-0011073424
+0000000000
+0000999646
+0000000000
-0000026562
+0000078829
00
+0013528910
+0101763000
-0011956155
+0000000000
+0000999406
+0000000000
-0000034434
+0000055405
04
+0013465474
+0103224792
-0012939995
+0000000000
+0000999406
+0000000000
-0000034434
+0000061617
04
+0013414074
+0104339416
-0013737176
+0000000000
+0000999406
+0000000000
-0000034434
+0000049927
04
+0013379758
+0105052488
-0014269404
+0000000000
+0000999406
+0000000000
-0000034434
+0000033333
04
+0013342531
+0105788088
-0014845648
+0000000000
+0000999406
+0000000000
-0000034434
+0000036090
04
+0013265844
+0107146360
-0016030476
+0000000000
+0000999406
+0000000000
-0000034434
+0000074206
04
+0013231335
+0107725400
-0016562691
+0000000000
+0000999406
+0000000000
-0000034434
+0000033333
04
+0013186201
+0108428344
-0017257556
+0000000000
+0000999406
+0000000000
-0000034434
+0000043520
04
+0013149582
+0108962952
-0017820402
+0000000000
+0000999406
+0000000000
-0000034434
+0000035252
04
+0013082415
+0109825256
-0018851140
+0000000000
+0000999406
+0000000000
-0000034434
+0000064557
04
+0013037712
+0110694152
-0019544452
+0000000000
+0000999481
+0000000000
-0000032197
+0000033333
04
+0013003396
+0111531920
-0020076682
+0000000000
+0000999481
+0000000000
-0000032197
+0000033333
04
+0012910843
+0113565128
-0021512130
+0000000000
+0000999481
+0000000000
-0000032197
+0000089901
04
+0012876527
+0114287904
-0022044360
+0000000000
+0000999481
+0000000000
-0000032197
+0000033333
04
+0012842123
+0114979552
-0022576582
+0000000000
+0000999481
+0000000000
-0000032197
+0000033333
04
+0012797693
+0115819400
-0023262632
+0000000000
+0000999481
+0000000000
-0000032197
+0000042967
04
+0012754160
+0116591432
-0023933650
+0000000000
+0000999481
+0000000000
-0000032197
+0000042026
04
+0012717702
+0117202328
-0024494656
+0000000000
+0000999481
+0000000000
-0000032197
+0000035136
04
+0012653131
+0118174440
-0025486626
+0000000000
+0000999481
+0000000000
-0000032197
+0000062129
04
+0012583790
+0119194032
-0026235760
+0000000000
+0000999999
+0000000000
-0000000012
+0000075319
02
+0012583790
+0118881168
-0026235760
+0000000000
+0000999999
+0000000000
-0000000012
+0000055934
02
+0012583790
+0118740176
-0026235760
+0000000000
+0000999999
+0000000000
-0000000012
+0000037546
02
+0012583790
+0118629032
-0026235760
+0000000000
+0000999999
+0000000000
-0000000012
+0000033333
02
+0012583790
+0118495424
-0026235760
+0000000000
+0000999999
+0000000000
-0000000012
+0000036548
02
+0012583790
+0118292480
-0026235760
+0000000000
+0000999999
+0000000000
-0000000012
+0000045051
02
+0012583790
+0118181400
-0026235760
+0000000000
+0000999999
+0000000000
-0000000012
+0000033333
02
+0012583790
+0118021424
-0026235760
+0000000000
+0000999999
+0000000000
-0000000012
+0000039995
02
+0012583790
+0117848024
-0026235760
+0000000000
+0000999999
+0000000000
-0000000012
+0000041638
02
+0012583790
+0117736936
-0026235760
+0000000000
+0000999999
+0000000000
-0000000012
+0000033333
02
+0012583790
+0116736936
-0026235760
+0000000000
+0000999999
+0000000000
-0000000012
+0000100000
02
+0012583790
+0116335512
-0026235760
+0000000000
+0000999999
+0000000000
-0000000012
+0000063358
02
+0012583790
+0116224368
-0026235760
+0000000000
+0000999999
+0000000000
-0000000012
+0000033333
02
+0012583790
+0116062136
-0026235760
+0000000000
+0000999999
+0000000000
-0000000012
+0000040277
02
+0012583790
+0115951048
-0026235760
+0000000000
+0000999999
+0000000000
-0000000012
+0000033333
02
+0012583790
+0115839968
-0026235760
+0000000000
+0000032172
+0000000000
-0000999481
+0000033333
03
+0012554674
+0116818544
-0025784534
+0000000000
+0000032172
+0000000000
-0000999481
+0000037719
03
+0012525805
+0117749024
-0025338830
+0000000000
+0000032172
+0000000000
-0000999481
+0000037373
03
+0012484440
+0119000488
-0024705024
+0000000000
+0000032172
+0000000000
-0000999481
+0000053480
03
+0012457949
+0119767456
-0024304280
+0000000000
+0000032172
+0000000000
-0000999481
+0000034172
03
+0012419123
+0120818848
-0023727684
+0000000000
+0000032172
+0000000000
-0000999481
+0000049961
03
+0012379626
+0121812928
-0023156336
+0000000000
+0000032172
+0000000000
-0000999481
+0000050652
03
+0012350130
+0122512272
-0022744664
+0000000000
+0000032172
+0000000000
-0000999481
+0000037658
03
+0012317491
+0123233640
-0022310268
+0000000000
+0000032172
+0000000000
-0000999481
+0000041432
03
+0012288532
+0123831784
-0021948020
+0000000000
+0000032172
+0000000000
-0000999481
+0000036497
03
+0012251665
+0124527528
-0021521240
+0000000000
+0000032172
+0000000000
-0000999481
+0000046075
03
+0012205714
+0125296632
-0021031460
+0000000000
+0000032172
+0000000000
-0000999481
+0000056952
03
+0012178596
+0125715696
-0020766890
+0000000000
+0000032172
+0000000000
-0000999481
+0000033333
03
+0012148394
+0126140624
-0020499024
+0000000000
+0000032172
+0000000000
-0000999481
+0000036823
03
+0012110148
+0126614504
-0020193236
+0000000000
+0000032172
+0000000000
-0000999481
+0000046249
03
+0012079054
+0126957704
-0019971336
+0000000000
+0000032172
+0000000000
-0000999481
+0000037300
03
+0012042980
+0127301088
-0019744406
+0000000000
+0000032172
+0000000000
-0000999481
+0000042928
03
+0012038222
+0128300048
-0020101930
+0000000000
+0000999977
+0000000000
-0000006654
+0000038539
04
+0012033106
+0129260800
-0020486428
+0000000000
+0000999977
+0000000000
-0000006654
+0000038681
04
+0012028402
+0130057616
-0020839874
+0000000000
+0000999977
+0000000000
-0000006654
+0000033333
04
+0012023404
+0130823304
-0021215432
+0000000000
+0000999977
+0000000000
-0000006654
+0000033333
04
+0012016048
+0131827392
-0021768130
+0000000000
+0000999977
+0000000000
-0000006654
+0000046328
04
+0012010462
+0132518736
-0022187906
+0000000000
+0000999977
+0000000000
-0000006654
+0000033333
04
+0012004581
+0133178952
-0022629796
+0000000000
+0000999977
+0000000000
-0000006654
+0000033333
04
+0011995549
+0134078128
-0023308492
+0000000000
+0000999977
+0000000000
-0000006654
+0000048757
04
+0011986034
+0134914976
-0024023448
+0000000000
+0000999977
+0000000000
-0000006654
+0000049025
04
+0011979271
+0135452880
-0024531666
+0000000000
+0000999977
+0000000000
-0000006654
+0000033333
04
+0011970393
+0136080208
-0025198732
+0000000000
+0000999977
+0000000000
-0000006654
+0000041927
04
+0011962041
+0136624080
-0025826372
+0000000000
+0000999977
+0000000000
-0000006654
+0000039230
04
+0011950716
+0137276736
-0026669258
+0000000000
+0000999977
+0000000000
-0000006654
+0000052685
04
+0011936467
+0137842160
-0027496036
+0000000000
+0000999977
+0000000000
-0000006654
+0000051681
04
+0011927977
+0138205024
-0028081384
+0000000000
+0000999977
+0000000000
-0000006654
+0000036588
04
+0011921682
+0138504448
-0028614682
+0000000000
+0000999977
+0000000000
-0000006654
+0000033333
04
+0011912697
+0138868528
-0029375932
+0000000000
+0000999977
+0000000000
-0000006654
+0000047581
04
+0011905877
+0139108336
-0029953690
+0000000000
+0000999977
+0000000000
-0000006654
+0000036112
04
+0011896599
+0139367008
-0030739794
+0000000000
+0000999977
+0000000000
-0000006654
+0000049134
04
+0011890305
+0139511360
-0031273090
+0000000000
+0000999977
+0000000000
-0000006654
+0000033333
04
+0011880066
+0139663456
-0032135288
+0000000000
+0000999977
+0000000000
-0000006654
+0000053908
04
+0011869452
+0139734192
-0032996624
+0000000000
+0000999977
+0000000000
-0000006654
+0000053971
04
+0011862503
+0139746768
-0033526276
+0000000000
+0000999977
+0000000000
-0000006654
+0000033333
04
+0011854958
+0139728208
-0034052048
+0000000000
+0000999977
+0000000000
-0000006654
+0000033333
04
+0011846026
+0139672848
-0034607944
+0000000000
+0000999977
+0000000000
-0000006654
+0000035638
04
+0011836672
+0139589968
-0035119696
+0000000000
+0000999977
+0000000000
-0000006654
+0000033333
04
+0011823340
+0139435056
-0035753952
+0000000000
+0000999977
+0000000000
-0000006654
+0000042214
04
+0011811019
+0139272896
-0036263616
+0000000000
+0000999977
+0000000000
-0000006654
+0000034902
04
+0011793913
+0139016240
-0036878900
+0000000000
+0000999977
+0000000000
-0000006654
+0000043718
04
+0011774024
+0138679568
-0037509136
+0000000000
+0000999977
+0000000000
-0000006654
+0000046870
04
+0011759216
+0138408992
-0037936420
+0000000000
+0000999977
+0000000000
-0000006654
+0000033333
04
+0011736694
+0137938240
-0038540344
+0000000000
+0000999977
+0000000000
-0000006654
+0000049532
04
+0011720945
+0137571232
-0038945252
+0000000000
+0000999977
+0000000000
-0000006654
+0000035007
04
+0011701018
+0137027520
-0039450252
+0000000000
+0000999977
+0000000000
-0000006654
+0000046167
04
+0011683871
+0136455696
-0039903680
+0000000000
+0000999977
+0000000000
-0000006654
+0000043964
04
+0011673511
+0135990960
-0040226692
+0000000000
+0000999977
+0000000000
-0000006654
+0000033333
04
+0011666004
+0135426816
-0040568032
+0000000000
+0000999977
+0000000000
-0000006654
+0000037624
04
+0011663210
+0134546512
-0041019776
+0000000000
+0000999977
+0000000000
-0000006654
+0000053388
04
+0011668211
+0133943784
-0041291340
+0000000000
+0000999977
+0000000000
-0000006654
+0000034527
04
+0011682838
+0133253048
-0041576356
+0000000000
+0000999991
+0000000000
+0000004109
+0000039149
04
+0011950028
+0133253048
-0040999132
+0000000000
+0000898662
+0000000000
+0000438640
+0000040503
00
+0012265976
+0133253048
-0040415708
+0000000000
+0000736035
+0000000000
+0000676942
+0000042381
00
+0012606815
+0133253048
-0039874524
+0000000000
+0000601308
+0000000000
+0000799016
+0000040854
00
+0013008498
+0133253048
-0039318244
+0000000000
+0000509259
+0000000000
+0000860612
+0000043692
00
+0013534622
+0133253048
-0038589632
+0000000000
+0000444350
+0000000000
+0000895852
+0000057048
00
+0013778536
+0133253048
-0038251844
+0000000000
+0000399708
+0000000000
+0000916641
+0000033333
00
+0013778536
+0133253048
-0038251844
+0000000000
+0000354097
+0000000000
+0000935207
+0000036985
01
+0013778536
+0133253048
-0038251844
+0000000000
+0000307627
+0000000000
+0000951506
+0000040470
01
+0013778536
+0133253048
-0038251844
+0000000000
+0000307627
+0000000000
+0000951506
+0000040332
01
+0013778536
+0134314576
-0038251844
+0000000000
+0000307627
+0000000000
+0000951506
+0000041064
06
+0013778536
+0135332208
-0038251844
+0000000000
+0000307627
+0000000000
+0000951506
+0000041206
06
+0013778536
+0136297600
-0038251844
+0000000000
+0000307627
+0000000000
+0000951506
+0000040995
06
+0013778536
+0137241392
-0038251844
+0000000000
+0000307627
+0000000000
+0000951506
+0000042196
06
+0013778536
+0138090704
-0038251844
+0000000000
+0000307627
+0000000000
+0000951506
+0000039969
06
+0013778536
+0138905520
-0038251844
+0000000000
+0000307627
+0000000000
+0000951506
+0000040512
06
+0013778536
+0139790960
-0038251844
+0000000000
+0000307627
+0000000000
+0000951506
+0000047110
06
+0013778536
+0140503296
-0038251844
+0000000000
+0000307627
+0000000000
+0000951506
+0000040326
06
+0013778536
+0141167360
-0038251844
+0000000000
+0000307627
+0000000000
+0000951506
+0000040143
06
+0013778536
+0141857536
-0038251844
+0000000000
+0000307627
+0000000000
+0000951506
+0000045182
06
+0013778536
+0142542240
-0038251844
+0000000000
+0000307627
+0000000000
+0000951506
+0000049268
06
+0013778536
+0143651920
-0038251844
+0000000000
+0000307627
+0000000000
+0000951506
+0000100000
06
+0013778536
+0144231696
-0038251844
+0000000000
+0000307627
+0000000000
+0000951506
+0000061918
06
+0013778536
+0144512688
-0038251844
+0000000000
+0000307627
+0000000000
+0000951506
+0000033333
06
+0013778537
+0144828800
-0038251536
+0000000000
+0000307627
+0000000000
+0000951506
+0000043897
06
+0013778549
+0145037712
-0038250160
+0000000000
+0000307627
+0000000000
+0000951506
+0000033333
06
+0013778596
+0145262944
-0038245216
+0000000000
+0000307627
+0000000000
+0000951506
+0000044982
06
+0013780258
+0146131840
-0038078136
+0000000000
+0000004973
+0000000000
+0000999987
+0000033333
04
+0013782189
+0147068720
-0037884004
+0000000000
+0000004973
+0000000000
+0000999987
+0000037448
04
+0013784611
+0148134880
-0037640628
+0000000000
+0000004973
+0000000000
+0000999987
+0000044868
04
+0013786515
+0148895808
-0037449152
+0000000000
+0000004973
+0000000000
+0000999987
+0000033333
04
+0013788556
+0149625664
-0037243952
+0000000000
+0000004973
+0000000000
+0000999987
+0000033333
04
+0013790768
+0150324400
-0037021604
+0000000000
+0000004973
+0000000000
+0000999987
+0000033333
04
+0013793122
+0150992000
-0036778876
+0000000000
+0000004973
+0000000000
+0000999987
+0000033333
04
+0013796412
+0151817744
-0036432188
+0000000000
+0000004973
+0000000000
+0000999987
+0000043924
04
+0013799431
+0152493536
-0036108076
+0000000000
+0000004973
+0000000000
+0000999987
+0000038112
04
+0013803100
+0153218816
-0035707404
+0000000000
+0000004973
+0000000000
+0000999987
+0000043955
04
+0013806870
+0153864016
-0035297852
+0000000000
+0000004973
+0000000000
+0000999987
+0000042113
04
+0013810723
+0154446048
-0034873336
+0000000000
+0000004973
+0000000000
+0000999987
+0000041070
04
+0013814758
+0154978512
-0034425996
+0000000000
+0000004973
+0000000000
+0000999987
+0000040873
04
+0013818420
+0155467232
-0033950548
+0000000000
+0000004973
+0000000000
+0000999987
+0000041154
04
+0013819967
+0155876464
-0033490414
+0000000000
+0000004973
+0000000000
+0000999987
+0000037837
04
+0013818329
+0156245296
-0033007888
+0000000000
+0000004973
+0000000000
+0000999987
+0000037800
04
+0013811416
+0156604256
-0032449172
+0000000000
+0000004973
+0000000000
+0000999987
+0000041808
04
+0013798409
+0156901312
-0031894574
+0000000000
+0000004973
+0000000000
+0000999987
+0000039751
04
+0013772887
+0157199584
-0031184784
+0000000000
+0000004973
+0000000000
+0000999987
+0000048852
04
+0013734603
+0157445552
-0030378930
+0000000000
+0000004973
+0000000000
+0000999987
+0000053342
04
+0013691839
+0157600160
-0029764200
+0000000000
-0000000017
+0000000000
+0000999999
+0000046844
02
+0013691839
+0157455808
-0029764200
+0000000000
+0000999986
+0000000000
+0000005012
+0000037995
03
+0013696489
+0158489632
-0030243082
+0000000000
+0000999986
+0000000000
+0000005012
+0000039944
03
+0013700896
+0159522528
-0030742840
+0000000000
+0000999986
+0000000000
+0000005012
+0000041799
03
+0013705246
+0160734368
-0031362596
+0000000000
+0000999986
+0000000000
+0000005012
+0000052119
03
+0013707294
+0161697872
-0031878000
+0000000000
+0000999986
+0000000000
+0000005012
+0000043742
03
+0013707026
+0162401008
-0032265338
+0000000000
+0000999986
+0000000000
+0000005012
+0000033333
03
+0013703485
+0163231264
-0032740020
+0000000000
+0000999986
+0000000000
+0000005012
+0000041665
03
+0013694497
+0164122256
-0033271664
+0000000000
+0000999986
+0000000000
+0000005012
+0000047941
03
+0013678760
+0164970272
-0033799048
+0000000000
+0000999986
+0000000000
+0000005012
+0000049291
03
+0013654519
+0165761664
-0034310460
+0000000000
+0000999986
+0000000000
+0000005012
+0000050080
03
+0013620718
+0166478640
-0034789824
+0000000000
+0000999986
+0000000000
+0000005012
+0000049757
03
+0013580376
+0167083744
-0035207568
+0000000000
+0000999986
+0000000000
+0000005012
+0000046128
03
+0013535395
+0167585760
-0035564040
+0000000000
+0000999986
+0000000000
+0000005012
+0000042044
03
+0013484673
+0168019472
-0035880804
+0000000000
+0000999986
+0000000000
+0000005012
+0000040093
03
+0013424224
+0168419248
-0036183912
+0000000000
+0000999986
+0000000000
+0000005012
+0000041393
03
+0013322295
+0168899776
-0036604652
+0000000000
+0000999986
+0000000000
+0000005012
+0000060283
03
+0013249911
+0169189696
-0036903444
+0000000000
+0000999986
+0000000000
+0000005012
+0000042810
03
+0013165158
+0169458800
-0037253288
+0000000000
+0000999986
+0000000000
+0000005012
+0000050125
03
+0013086357
+0169648192
-0037578568
+0000000000
+0000999986
+0000000000
+0000005012
+0000046605
03
+0013029997
+0169752560
-0037811212
+0000000000
+0000999986
+0000000000
+0000005012
+0000033333
03
+0012952789
+0169837104
-0038129908
+0000000000
+0000999986
+0000000000
+0000005012
+0000045663
03
+0012884822
+0169866272
-0038410468
+0000000000
+0000999986
+0000000000
+0000005012
+0000040198
03
+0012828462
+0169859376
-0038643112
+0000000000
+0000999986
+0000000000
+0000005012
+0000033333
03
+0012757287
+0169801024
-0038936908
+0000000000
+0000999986
+0000000000
+0000005012
+0000042095
03
+0012684055
+0169688352
-0039239224
+0000000000
+0000999986
+0000000000
+0000005012
+0000043334
03
+0012603883
+0169500912
-0039570464
+0000000000
+0000999986
+0000000000
+0000005012
+0000047650
03
+0012536093
+0169293952
-0039851180
+0000000000
+0000999986
+0000000000
+0000005012
+0000040778
03
+0012456520
+0168979184
-0040181976
+0000000000
+0000999986
+0000000000
+0000005012
+0000048851
03
+0012384754
+0168628416
-0040482148
+0000000000
+0000999986
+0000000000
+0000005012
+0000045462
03
+0012314193
+0168206112
-0040780004
+0000000000
+0000999986
+0000000000
+0000005012
+0000046785
03
+0012248605
+0167727296
-0041060628
+0000000000
+0000999986
+0000000000
+0000005012
+0000046374
03
+0012382297
+0168751280
-0040611900
+0000000000
+0000144275
+0000000000
+0000989536
+0000039548
04
+0012620767
+0170372320
-0039811492
+0000000000
+0000144275
+0000000000
+0000989536
+0000067538
04
+0012755225
+0171205568
-0039360196
+0000000000
+0000144275
+0000000000
+0000989536
+0000036250
04
+0012884803
+0171940672
-0038925276
+0000000000
+0000144275
+0000000000
+0000989536
+0000033333
04
+0013068386
+0172879392
-0038309092
+0000000000
+0000144275
+0000000000
+0000989536
+0000045155
04
+0013329305
+0174051696
-0037433340
+0000000000
+0000144275
+0000000000
+0000989536
+0000061482
04
+0013476706
+0174656128
-0036938604
+0000000000
+0000144275
+0000000000
+0000989536
+0000033333
04
+0013707418
+0175500496
-0036164232
+0000000000
+0000144275
+0000000000
+0000989536
+0000050500
04
+0013879134
+0176089360
-0035587880
+0000000000
+0000144275
+0000000000
+0000989536
+0000037586
04
+0014081434
+0176729984
-0034906700
+0000000000
+0000144275
+0000000000
+0000989536
+0000044411
04
+0014325832
+0177430176
-0034073656
+0000000000
+0000144275
+0000000000
+0000989536
+0000054259
04
+0014490874
+0177874272
-0033497528
+0000000000
+0000144275
+0000000000
+0000989536
+0000037456
04
+0014660145
+0178299568
-0032887512
+0000000000
+0000144275
+0000000000
+0000989536
+0000039566
04
+0014797453
+0178626704
-0032372158
+0000000000
+0000144275
+0000000000
+0000989536
+0000033333
04
+0014992941
+0179045040
-0031601980
+0000000000
+0000144275
+0000000000
+0000989536
+0000049662
04
+0015126890
+0179312320
-0031041038
+0000000000
+0000144275
+0000000000
+0000989536
+0000036044
04
+0015286005
+0179593328
-0030325296
+0000000000
+0000144275
+0000000000
+0000989536
+0000045825
04
+0015409250
+0179788080
-0029720944
+0000000000
+0000144275
+0000000000
+0000989536
+0000038549
04
+0015552075
+0179969056
-0028945546
+0000000000
+0000144275
+0000000000
+0000989536
+0000049277
04
+0015669066
+0180076176
-0028255482
+0000000000
+0000144275
+0000000000
+0000989536
+0000043744
04
+0015758214
+0180126640
-0027729652
+0000000000
+0000144275
+0000000000
+0000989536
+0000033333
04
+0015946054
+0180094912
-0026621692
+0000000000
+0000144275
+0000000000
+0000989536
+0000070235
04
+0016076666
+0180006048
-0025851280
+0000000000
+0000144275
+0000000000
+0000989536
+0000048837
04
+0016211973
+0179842288
-0025053174
+0000000000
+0000144275
+0000000000
+0000989536
+0000050593
04
+0016306101
+0179693728
-0024497964
+0000000000
+0000144275
+0000000000
+0000989536
+0000035195
04
+0016395248
+0179521904
-0023972136
+0000000000
+0000144275
+0000000000
+0000989536
+0000033333
04
+0016484396
+0179318976
-0023446306
+0000000000
+0000144275
+0000000000
+0000989536
+0000033333
04
+0016606436
+0178982848
-0022726468
+0000000000
+0000144275
+0000000000
+0000989536
+0000045631
04
+0016702530
+0178682000
-0022159656
+0000000000
+0000144275
+0000000000
+0000989536
+0000035931
04
+0016829154
+0178222832
-0021412762
+0000000000
+0000144275
+0000000000
+0000989536
+0000047347
04
+0016918302
+0177868464
-0020886932
+0000000000
+0000144275
+0000000000
+0000989536
+0000033333
04
+0017022222
+0177413088
-0020273960
+0000000000
+0000144275
+0000000000
+0000989536
+0000038857
04
+0017148700
+0176796272
-0019527932
+0000000000
+0000144275
+0000000000
+0000989536
+0000047292
04
+0017259928
+0176205376
-0018871868
+0000000000
+0000144275
+0000000000
+0000989536
+0000041589
04
+0017349112
+0175700432
-0018345826
+0000000000
+0000144275
+0000000000
+0000989536
+0000033346
04
+0017455426
+0175054320
-0017718744
+0000000000
+0000144275
+0000000000
+0000989536
+0000039751
04
+0017576578
+0174259152
-0017003112
+0000000000
+0000144275
+0000000000
+0000989536
+0000045372
04
+0017713024
+0173281856
-0016191095
+0000000000
+0000144275
+0000000000
+0000989536
+0000051524
04
+0017857142
+0172303040
-0015318510
+0000000000
+0000123485
+0000000000
+0000992345
+0000055469
04
+0017764852
+0172303040
-0015371804
+0000000000
-0000263402
+0000000000
+0000964685
+0000044250
00
+0017660572
+0172303040
-0015432023
+0000000000
-0000502752
+0000000000
+0000864429
+0000033333
00
+0017583206
+0172303040
-0015476701
+0000000000
-0000644423
+0000000000
+0000764668
+0000046043
00
+0017583206
+0172303040
-0015476701
+0000000000
-0000766746
+0000000000
+0000641949
+0000033721
01
+0017583206
+0172303040
-0015476701
+0000000000
-0000866049
+0000000000
+0000499957
+0000051504
01
+0017583206
+0172303040
-0015476701
+0000000000
-0000866049
+0000000000
+0000499957
+0000052177
01
+0017583206
+0172303040
-0015476701
+0000000000
-0000866049
+0000000000
+0000499957
+0000033333
01
+0017583206
+0172303040
-0015476701
+0000000000
-0000866049
+0000000000
+0000499957
+0000037096
01
+0017583206
+0172303040
-0015476701
+0000000000
-0000866049
+0000000000
+0000499957
+0000044362
01
+0017583204
+0172303040
-0015326699
+0000000000
-0000866049
+0000000000
+0000499957
+0000037589
01
+0017583202
+0172303040
-0015326699
+0000000000
-0000866049
+0000000000
+0000499957
+0000048607
01
+0017583200
+0172303040
-0015476699
+0000000000
-0000866049
+0000000000
+0000499957
+0000053109
01
+0017583198
+0172303040
-0015776698
+0000000000
-0000866049
+0000000000
+0000499957
+0000033333
01
+0017583196
+0172303040
-0016226696
+0000000000
-0000866049
+0000000000
+0000499957
+0000044120
01
+0017583194
+0172303040
-0016826692
+0000000000
-0000866049
+0000000000
+0000499957
+0000039013
01
+0017583192
+0172303040
-0017576690
+0000000000
-0000866049
+0000000000
+0000499957
+0000038617
01
+0017583190
+0172303040
-0018476688
+0000000000
-0000866049
+0000000000
+0000499957
+0000039713
01
+0017583190
+0172303040
-0019526686
+0000000000
-0000866049
+0000000000
+0000499957
+0000046251
01
+0017583188
+0172303040
-0020726682
+0000000000
-0000866049
+0000000000
+0000499957
+0000038242
01
+0017583186
+0172303040
-0022076680
+0000000000
-0000866049
+0000000000
+0000499957
+0000035151
01
+0017583184
+0172303040
-0023576678
+0000000000
-0000866049
+0000000000
+0000499957
+0000039762
01
+0017583182
+0172303040
-0025226676
+0000000000
-0000866049
+0000000000
+0000499957
+0000050257
01
+0017578822
+0172303040
-0027029658
+0000000000
-0000872369
+0000000000
+0000488846
+0000036343
00
+0017550988
+0172303040
-0029000588
+0000000000
-0000880046
+0000000000
+0000474887
+0000041263
00
+0017507812
+0172303040
-0031136668
+0000000000
-0000888989
+0000000000
+0000457925
+0000033333
00
+0017412570
+0172303040
-0033473282
+0000000000
-0000897861
+0000000000
+0000440276
+0000045761
00
+0017293332
+0172303040
-0035984968
+0000000000
-0000904632
+0000000000
+0000426192
+0000038574
00
+0017141028
+0172303040
-0038677628
+0000000000
-0000909023
+0000000000
+0000416744
+0000035194
00
+0016869738
+0172303040
-0041631748
+0000000000
-0000911895
+0000000000
+0000410421
+0000047017
00
+0016606752
+0172303040
-0044728088
+0000000000
-0000913786
+0000000000
+0000406194
+0000035449
00
+0016146496
+0172303040
-0048159220
+0000000000
-0000915035
+0000000000
+0000403372
+0000049633
00
+0015741113
+0172303040
-0051688952
+0000000000
-0000915863
+0000000000
+0000401488
+0000036885
00
+0015195400
+0172303040
-0055500132
+0000000000
-0000916413
+0000000000
+0000400232
+0000049653
00
+0014695419
+0172303040
-0059418480
+0000000000
-0000916778
+0000000000
+0000399395
+0000045326
00
+0014273725
+0172303040
-0063413492
+0000000000
-0000917024
+0000000000
+0000398829
+0000038089
00
+0013456319
+0172303040
-0067929168
+0000000000
-0000917186
+0000000000
+0000398456
+0000083250
00
+0013456318
+0172303040
-0071829160
+0000000000
-0000917348
+0000000000
+0000398082
+0000099635
01
+0013456317
+0172303040
-0075879160
+0000000000
-0000917510
+0000000000
+0000397709
+0000071283
01
+0013456316
+0172303040
-0080079144
+0000000000
-0000917510
+0000000000
+0000397709
+0000046795
01
+0013456315
+0172303040
-0084429136
+0000000000
-0000917510
+0000000000
+0000397709
+0000033333
01
+0013456314
+0172303040
-0088929128
+0000000000
-0000917510
+0000000000
+0000397709
+0000053459
01
+0013456313
+0172303040
-0093279120
+0000000000
-0000917510
+0000000000
+0000397709
+0000046816
01
+0013456312
+0172303040
-0097479112
+0000000000
-0000917510
+0000000000
+0000397709
+0000033333
01
+0013456311
+0172303040
-0101529104
+0000000000
-0000917510
+0000000000
+0000397709
+0000059727
01
+0013456310
+0172303040
-0105429104
+0000000000
-0000917510
+0000000000
+0000397709
+0000034067
01
+0013456309
+0172303040
-0109179096
+0000000000
-0000917510
+0000000000
+0000397709
+0000033333
01
+0013456308
+0172303040
-0112779080
+0000000000
-0000917510
+0000000000
+0000397709
+0000062183
01
+0013456307
+0172303040
-0116229072
+0000000000
-0000917510
+0000000000
+0000397709
+0000060015
01
+0013456306
+0172303040
-0119529064
+0000000000
-0000917510
+0000000000
+0000397709
+0000033333
01
+0013456306
+0172303040
-0122679064
+0000000000
-0000917510
+0000000000
+0000397709
+0000039005
01
+0013456305
+0172303040
-0125679056
+0000000000
-0000917510
+0000000000
+0000397709
+0000042320
01
+0013456304
+0172303040
-0128529040
+0000000000
-0000917510
+0000000000
+0000397709
+0000033333
01
+0013456303
+0172303040
-0131229016
+0000000000
-0000917510
+0000000000
+0000397709
+0000036613
01
+0013456302
+0172303040
-0133779008
+0000000000
-0000917510
+0000000000
+0000397709
+0000044776
01
+0013456301
+0172303040
-0136178992
+0000000000
-0000917510
+0000000000
+0000397709
+0000051295
01
+0013456300
+0172303040
-0138428976
+0000000000
-0000917510
+0000000000
+0000397709
+0000034146
01
+0013456299
+0172303040
-0140528960
+0000000000
-0000917510
+0000000000
+0000397709
+0000050093
01
+0013456298
+0172303040
-0142478944
+0000000000
-0000917510
+0000000000
+0000397709
+0000033333
01
+0013456297
+0172303040
-0144278928
+0000000000
-0000917510
+0000000000
+0000397709
+0000061480
01
+0013456296
+0172303040
-0145928912
+0000000000
-0000917510
+0000000000
+0000397709
+0000058396
01
+0013456295
+0172303040
-0147428896
+0000000000
-0000917510
+0000000000
+0000397709
+0000033333
01
+0013456294
+0172303040
-0148778880
+0000000000
-0000917510
+0000000000
+0000397709
+0000042249
01
+0013456293
+0172303040
-0149978864
+0000000000
-0000917510
+0000000000
+0000397709
+0000045767
01
+0013456292
+0172303040
-0151028848
+0000000000
-0000917510
+0000000000
+0000397709
+0000033333
01
+0013456291
+0172303040
-0151928832
+0000000000
-0000917510
+0000000000
+0000397709
+0000060612
01
+0013456290
+0172303040
-0152678816
+0000000000
-0000917510
+0000000000
+0000397709
+0000039145
01
+0013456289
+0172303040
-0153278816
+0000000000
-0000917510
+0000000000
+0000397709
+0000033333
01
+0013456288
+0172303040
-0153728784
+0000000000
-0000917510
+0000000000
+0000397709
+0000058086
01
+0013456287
+0172303040
-0154028784
+0000000000
-0000917510
+0000000000
+0000397709
+0000035025
01
+0013456286
+0172303040
-0154178752
+0000000000
-0000917510
+0000000000
+0000397709
+0000033333
01
+0013456285
+0172303040
-0154178736
+0000000000
-0000917510
+0000000000
+0000397709
+0000056375
01
+0013456285
+0172303040
-0154028736
+0000000000
-0000917510
+0000000000
+0000397709
+0000035394
01
+0013456284
+0172303040
-0153728720
+0000000000
-0000917510
+0000000000
+0000397709
+0000038027
01
+0013456283
+0172303040
-0153278704
+0000000000
-0000917510
+0000000000
+0000397709
+0000034061
01
+0013456282
+0172303040
-0152678688
+0000000000
-0000917510
+0000000000
+0000397709
+0000046611
01
+0013456281
+0172303040
-0151928672
+0000000000
-0000917510
+0000000000
+0000397709
+0000041335
01
+0013456280
+0172303040
-0151028656
+0000000000
-0000917510
+0000000000
+0000397709
+0000033333
01
+0013456279
+0172303040
-0149978640
+0000000000
-0000917510
+0000000000
+0000397709
+0000033333
01
+0013456278
+0172303040
-0148778624
+0000000000
-0000917510
+0000000000
+0000397709
+0000033333
01
+0013456277
+0172303040
-0147428608
+0000000000
-0000917510
+0000000000
+0000397709
+0000047859
01
+0013456276
+0172303040
-0145928592
+0000000000
-0000917510
+0000000000
+0000397709
+0000033375
01
+0013456275
+0172303040
-0144278576
+0000000000
-0000917510
+0000000000
+0000397709
+0000054313
01
+0013456274
+0172303040
-0142478560
+0000000000
-0000917510
+0000000000
+0000397709
+0000033333
01
+0013456273
+0172303040
-0140528544
+0000000000
-0000917510
+0000000000
+0000397709
+0000060752
01
+0013456272
+0172303040
-0138428528
+0000000000
-0000917510
+0000000000
+0000397709
+0000033333
01
+0013456271
+0172303040
-0136178512
+0000000000
-0000917510
+0000000000
+0000397709
+0000046619
01
+0013456270
+0172303040
-0133778504
+0000000000
-0000917510
+0000000000
+0000397709
+0000033333
01
+0013456269
+0172303040
-0131228488
+0000000000
-0000917510
+0000000000
+0000397709
+0000033333
01
+0013456268
+0172303040
-0128528472
+0000000000
-0000917510
+0000000000
+0000397709
+0000052821
01
+0013456267
+0172303040
-0125678464
+0000000000
-0000917510
+0000000000
+0000397709
+0000033333
01
+0013456266
+0172303040
-0122678456
+0000000000
-0000917510
+0000000000
+0000397709
+0000033333
01
+0013456265
+0172303040
-0119528448
+0000000000
-0000917510
+0000000000
+0000397709
+0000033333
01
+0013456264
+0172303040
-0116228440
+0000000000
-0000917510
+0000000000
+0000397709
+0000033333
01
+0013456264
+0172303040
-0112778424
+0000000000
-0000917510
+0000000000
+0000397709
+0000033333
01
+0013456263
+0172303040
-0109178424
+0000000000
-0000917510
+0000000000
+0000397709
+0000038799
01
+0013456262
+0172303040
-0105428416
+0000000000
-0000917510
+0000000000
+0000397709
+0000035781
01
+0013456261
+0172303040
-0101528408
+0000000000
-0000917510
+0000000000
+0000397709
+0000043200
01
+0013450908
+0172303040
-0097475024
+0000000000
-0000809146
+0000000000
+0000587606
+0000054392
00
+0013429030
+0172303040
-0093261240
+0000000000
-0000715014
+0000000000
+0000699108
+0000033333
00
+0013372387
+0173315248
-0088875584
+0000000000
-0000350858
+0000000000
+0000936428
+0000039073
04
+0013268840
+0174924496
-0088810416
+0000000000
-0000350858
+0000000000
+0000936428
+0000066965
04
+0013191481
+0175965088
-0088761736
+0000000000
-0000350858
+0000000000
+0000936428
+0000045741
04
+0013115886
+0176828432
-0088714160
+0000000000
-0000350858
+0000000000
+0000936428
+0000039908
04
+0013027840
+0177662288
-0088658744
+0000000000
-0000350858
+0000000000
+0000936428
+0000040690
04
+0012933552
+0178392464
-0088599400
+0000000000
-0000350858
+0000000000
+0000936428
+0000037557
04
+0012805896
+0179182864
-0088519064
+0000000000
-0000350858
+0000000000
+0000936428
+0000043364
04
+0012642615
+0179980832
-0088416304
+0000000000
-0000350858
+0000000000
+0000936428
+0000047201
04
+0012483550
+0180612544
-0088316200
+0000000000
-0000350858
+0000000000
+0000936428
+0000040020
04
+0012228639
+0181418208
-0088155768
+0000000000
-0000350858
+0000000000
+0000936428
+0000056749
04
+0012061666
+0181860288
-0088050680
+0000000000
-0000350858
+0000000000
+0000936428
+0000033333
04
+0011822609
+0182381584
-0087900232
+0000000000
-0000350858
+0000000000
+0000936428
+0000043256
04
+0011614722
+0182763008
-0087769400
+0000000000
-0000350858
+0000000000
+0000936428
+0000034396
04
+0011265131
+0183274352
-0087549384
+0000000000
-0000350858
+0000000000
+0000936428
+0000053282
04
+0010896484
+0183698240
-0087317384
+0000000000
-0000350858
+0000000000
+0000936428
+0000052080
04
+0010643295
+0183938416
-0087158040
+0000000000
-0000350858
+0000000000
+0000936428
+0000033333
04
+0010372801
+0184147456
-0086987808
+0000000000
-0000350858
+0000000000
+0000936428
+0000033333
04
+0009878258
+0184416496
-0086666128
+0000000000
-0000350858
+0000000000
+0000936428
+0000057823
04
+0009579342
+0184540464
-0086464416
+0000000000
-0000350858
+0000000000
+0000936428
+0000033333
04
+0009048795
+0184661312
-0086092024
+0000000000
-0000350858
+0000000000
+0000936428
+0000056668
04
+0008723552
+0184701296
-0085855648
+0000000000
-0000350858
+0000000000
+0000936428
+0000033333
04
+0008318545
+0184704592
-0085551992
+0000000000
-0000350858
+0000000000
+0000936428
+0000039893
04
+0007843523
+0184651488
-0085185768
+0000000000
-0000350858
+0000000000
+0000936428
+0000045038
04
+0007478790
+0184581056
-0084897384
+0000000000
-0000350858
+0000000000
+0000936428
+0000033333
04
+0007100893
+0184479552
-0084591664
+0000000000
-0000350858
+0000000000
+0000936428
+0000033333
04
+0006709832
+0184346928
-0084268616
+0000000000
-0000350858
+0000000000
+0000936428
+0000033333
04
+0006153419
+0184105040
-0083798320
+0000000000
-0000350858
+0000000000
+0000936428
+0000045942
04
+0005646560
+0183835088
-0083358816
+0000000000
-0000350858
+0000000000
+0000936428
+0000041929
04
+0005202107
+0183556512
-0082962152
+0000000000
-0000350858
+0000000000
+0000936428
+0000037232
04
+0004727573
+0183209296
-0082525000
+0000000000
-0000350858
+0000000000
+0000936428
+0000040325
04
+0004230875
+0182788384
-0082051272
+0000000000
-0000350858
+0000000000
+0000936428
+0000042899
04
+0003574405
+0182128352
-0081400968
+0000000000
-0000350858
+0000000000
+0000936428
+0000057752
04
+0003202422
+0181716304
-0081018776
+0000000000
-0000350858
+0000000000
+0000936428
+0000033333
04
+0002538704
+0180864624
-0080312376
+0000000000
-0000350858
+0000000000
+0000936428
+0000060580
04
+0002142354
+0180308592
-0079875936
+0000000000
-0000350858
+0000000000
+0000936428
+0000036847
04
+0001789970
+0179774480
-0079475600
+0000000000
-0000350858
+0000000000
+0000936428
+0000033333
04
+0001442740
+0179209232
-0079070784
+0000000000
-0000350858
+0000000000
+0000936428
+0000033333
04
+0000793875
+0178027520
-0078297056
+0000000000
-0000350858
+0000000000
+0000936428
+0000063112
04
+0000455562
+0177372320
-0077884760
+0000000000
-0000350858
+0000000000
+0000936428
+0000033333
04
+0000121511
+0176685968
-0077469000
+0000000000
-0000350858
+0000000000
+0000936428
+0000033333
04
-0000208407
+0175968512
-0077049960
+0000000000
-0000350858
+0000000000
+0000936428
+0000033333
04
-0000534263
+0175219904
-0076627744
+0000000000
-0000350858
+0000000000
+0000936428
+0000033333
04
-0000947361
+0176180976
-0075694392
+0000000000
-0000206836
+0000000000
+0000978375
+0000037016
04
-0001222984
+0177235344
-0075071648
+0000000000
-0000206836
+0000000000
+0000978375
+0000042563
04
-0001441165
+0178038208
-0074578688
+0000000000
-0000206836
+0000000000
+0000978375
+0000033692
04
-0001679908
+0178878720
-0074039216
+0000000000
-0000206836
+0000000000
+0000978375
+0000036871
04
-0001923749
+0179697504
-0073488168
+0000000000
-0000206836
+0000000000
+0000978375
+0000037661
04
-0002220364
+0180634880
-0072817784
+0000000000
-0000206836
+0000000000
+0000978375
+0000045816
04
-0002443516
+0181306640
-0072313608
+0000000000
-0000206836
+0000000000
+0000978375
+0000034459
04
-0002739797
+0182139776
-0071644328
+0000000000
-0000206836
+0000000000
+0000978375
+0000045745
04
-0002962809
+0182735232
-0071138920
+0000000000
-0000206836
+0000000000
+0000978375
+0000034526
04
-0003192040
+0183315680
-0070615248
+0000000000
-0000206836
+0000000000
+0000978375
+0000035727
04
-0003494845
+0184027472
-0069913912
+0000000000
-0000206836
+0000000000
+0000978375
+0000047744
04
-0003723357
+0184536688
-0069373288
+0000000000
-0000206836
+0000000000
+0000978375
+0000036683
04
-0003926317
+0184968256
-0068880088
+0000000000
-0000206836
+0000000000
+0000978375
+0000033333
04
-0004130013
+0185380368
-0068369056
+0000000000
-0000206836
+0000000000
+0000978375
+0000034383
04
-0004388990
+0185864448
-0067694672
+0000000000
-0000206836
+0000000000
+0000978375
+0000045150
04
-0004581406
+0186194096
-0067190776
+0000000000
-0000206836
+0000000000
+0000978375
+0000033711
04
-0004791827
+0186517824
-0066636712
+0000000000
-0000206836
+0000000000
+0000978375
+0000037042
04
-0004981290
+0186779232
-0066135192
+0000000000
-0000206836
+0000000000
+0000978375
+0000033506
04
-0005168933
+0187008176
-0065635956
+0000000000
-0000206836
+0000000000
+0000978375
+0000033333
04
-0005487013
+0187301872
-0064812516
+0000000000
-0000206836
+0000000000
+0000978375
+0000055171
04
-0005683534
+0187448240
-0064316712
+0000000000
-0000206836
+0000000000
+0000978375
+0000033333
04
-0005970448
+0187593872
-0063610236
+0000000000
-0000206836
+0000000000
+0000978375
+0000047656
04
-0006175111
+0187664672
-0063117736
+0000000000
-0000206836
+0000000000
+0000978375
+0000033333
04
-0006402057
+0187704832
-0062583352
+0000000000
-0000206836
+0000000000
+0000978375
+0000036286
04
-0006748797
+0187682000
-0061783508
+0000000000
-0000206836
+0000000000
+0000978375
+0000054485
04
-0007026646
+0187612000
-0061152544
+0000000000
-0000206836
+0000000000
+0000978375
+0000043089
04
-0007244048
+0187526736
-0060665532
+0000000000
-0000206836
+0000000000
+0000978375
+0000033333
04
-0007520537
+0187369872
-0060052988
+0000000000
-0000206836
+0000000000
+0000978375
+0000042003
04
-0007757473
+0187197264
-0059522300
+0000000000
-0000206836
+0000000000
+0000978375
+0000036323
04
-0008057613
+0186916384
-0058842888
+0000000000
-0000206836
+0000000000
+0000978375
+0000046422
04
-0008271282
+0186683600
-0058354224
+0000000000
-0000206836
+0000000000
+0000978375
+0000033333
04
-0008483172
+0186419680
-0057864788
+0000000000
-0000206836
+0000000000
+0000978375
+0000033333
04
-0008693361
+0186124640
-0057374620
+0000000000
-0000206836
+0000000000
+0000978375
+0000033333
04
-0009010568
+0185753056
-0056628004
+0000000000
-0000204400
+0000000000
+0000978886
+0000050700
04
-0009182283
+0185753056
-0056105556
+0000000000
-0000189015
+0000000000
+0000981973
+0000034610
00
-0009347663
+0185753056
-0055602384
+0000000000
-0000178732
+0000000000
+0000983897
+0000033333
00
-0009513042
+0185753056
-0055099208
+0000000000
-0000171866
+0000000000
+0000985119
+0000033333
00
-0009732342
+0185753056
-0054431984
+0000000000
-0000167284
+0000000000
+0000985908
+0000044201
00
-0009865257
+0185753056
-0054027584
+0000000000
-0000164227
+0000000000
+0000986422
+0000037875
00
-0009865257
+0185753056
-0054027584
+0000000000
-0000161168
+0000000000
+0000986926
+0000035163
01
-0009865257
+0185753056
-0054027584
+0000000000
-0000158108
+0000000000
+0000987421
+0000049172
01
-0009865257
+0185753056
-0054027584
+0000000000
-0000158108
+0000000000
+0000987421
+0000033527
01
-0009865257
+0185753056
-0054027584
+0000000000
-0000158108
+0000000000
+0000987421
+0000047947
01
-0009865257
+0185753056
-0054027584
+0000000000
-0000158108
+0000000000
+0000987421
+0000048739
01
-0009865257
+0185753056
-0054027584
+0000000000
-0000158108
+0000000000
+0000987421
+0000039823
01
-0009865257
+0185753056
-0054027584
+0000000000
-0000158108
+0000000000
+0000987421
+0000033333
01
-0009865257
+0185753056
-0054027584
+0000000000
-0000158108
+0000000000
+0000987421
+0000062560
01
