+0000000000
+0076653080
+0000000000
+0000000000
+0000000000
+0000000000
+0001000000
+0000033333
00
+0000000000
+0076653080
+0000000000
+0000000000
+0000000000
+0000000000
+0001000000
+0000033333
00
+0000000107
+0076653080
+0000002713
+0000000000
+0000006577
+0000000000
+0000999978
+0000033333
00
+0000000734
+0076653080
+0000018594
+0000000000
+0000010961
+0000000000
+0000999939
+0000033333
00
+0000002717
+0076653080
+0000068819
+0000000000
+0000013885
+0000000000
+0000999903
+0000033333
00
+0000006544
+0076653080
+0000165762
+0000000000
+0000015834
+0000000000
+0000999874
+0000033333
00
+0000012286
+0076653080
+0000311176
+0000000000
+0000017136
+0000000000
+0000999853
+0000033333
00
+0000020324
+0076653080
+0000514756
+0000000000
+0000018005
+0000000000
+0000999837
+0000033333
00
+0000031042
+0076653080
+0000786196
+0000000000
+0000018586
+0000000000
+0000999827
+0000033333
00
+0000044821
+0076653080
+0001135190
+0000000000
+0000018963
+0000000000
+0000999820
+0000033333
00
+0000062046
+0076653080
+0001571433
+0000000000
+0000019239
+0000000000
+0000999814
+0000033333
00
+0000082530
+0076653080
+0002090234
+0000000000
+0000019402
+0000000000
+0000999811
+0000033333
00
+0000103014
+0076653080
+0002609035
+0000000000
+0000019543
+0000000000
+0000999808
+0000033333
00
+0000123568
+0077521976
+0003129592
+0000000000
+0000019999
+0000000000
+0000999799
+0000033333
04
+0000156543
+0078807248
+0003964743
+0000000000
+0000019999
+0000000000
+0000999799
+0000052237
04
+0000177585
+0079596256
+0004497661
+0000000000
+0000019999
+0000000000
+0000999799
+0000033333
04
+0000198626
+0080354184
+0005030579
+0000000000
+0000019999
+0000000000
+0000999799
+0000033333
04
+0000219668
+0081080992
+0005563497
+0000000000
+0000019999
+0000000000
+0000999799
+0000033333
04
+0000240710
+0081776672
+0006096415
+0000000000
+0000019999
+0000000000
+0000999799
+0000033333
04
+0000261751
+0082441288
+0006629333
+0000000000
+0000019999
+0000000000
+0000999799
+0000033333
04
+0000282793
+0083074768
+0007162251
+0000000000
+0000019999
+0000000000
+0000999799
+0000033333
04
+0000303835
+0083677128
+0007695169
+0000000000
+0000019999
+0000000000
+0000999799
+0000033333
04
+0000324924
+0084249576
+0008229294
+0000000000
+0000019999
+0000000000
+0000999799
+0000033408
04
+0000345965
+0084789608
+0008762212
+0000000000
+0000019999
+0000000000
+0000999799
+0000033333
04
+0000370357
+0085373840
+0009379974
+0000000000
+0000019999
+0000000000
+0000999799
+0000038640
04
+0000399308
+0086242736
+0010113201
+0000000000
+0000019613
+0000000000
+0000999807
+0000033333
04
+0000420349
+0087080504
+0010646119
+0000000000
+0000019613
+0000000000
+0000999807
+0000033333
04
+0000441391
+0087887144
+0011179037
+0000000000
+0000019613
+0000000000
+0000999807
+0000033333
04
+0000462433
+0088662720
+0011711955
+0000000000
+0000019613
+0000000000
+0000999807
+0000033333
04
+0000484025
+0089425784
+0012258821
+0000000000
+0000019613
+0000000000
+0000999807
+0000034205
04
+0000505067
+0090138304
+0012791739
+0000000000
+0000019613
+0000000000
+0000999807
+0000033333
04
+0000526109
+0090819704
+0013324657
+0000000000
+0000019613
+0000000000
+0000999807
+0000033333
04
+0000547150
+0091469968
+0013857575
+0000000000
+0000019613
+0000000000
+0000999807
+0000033333
04
+0000568192
+0092089176
+0014390493
+0000000000
+0000019613
+0000000000
+0000999807
+0000033333
04
+0000591234
+0092729920
+0014974075
+0000000000
+0000019613
+0000000000
+0000999807
+0000036502
04
+0000612276
+0093283936
+0015506993
+0000000000
+0000019613
+0000000000
+0000999807
+0000033333
04
+0000633317
+0093806824
+0016039911
+0000000000
+0000019613
+0000000000
+0000999807
+0000033333
04
+0000654359
+0094298584
+0016572830
+0000000000
+0000019613
+0000000000
+0000999807
+0000033333
04
+0000675401
+0094759280
+0017105750
+0000000000
+0000019613
+0000000000
+0000999807
+0000033333
04
+0000696443
+0095188840
+0017535760
+0000000000
-0000000007
+0000000000
+0000999999
+0000033333
02
+0000696443
+0095077760
+0017535760
+0000000000
-0000000007
+0000000000
+0000999999
+0000033333
02
+0000696443
+0094239688
+0017535760
+0000000000
+0000999807
+0000000000
+0000019626
+0000091547
03
+0000713227
+0095165592
+0017109212
+0000000000
+0000999807
+0000000000
+0000019626
+0000035607
03
+0000728985
+0096001224
+0016711082
+0000000000
+0000999807
+0000000000
+0000019626
+0000033333
03
+0000746163
+0096870360
+0016282133
+0000000000
+0000999807
+0000000000
+0000019626
+0000036126
03
+0000762168
+0097641176
+0015890249
+0000000000
+0000999807
+0000000000
+0000019626
+0000033333
03
+0000778404
+0098380856
+0015504222
+0000000000
+0000999807
+0000000000
+0000019626
+0000033333
03
+0000794964
+0099089480
+0015126393
+0000000000
+0000999807
+0000000000
+0000019626
+0000033333
03
+0000817604
+0099978456
+0014637515
+0000000000
+0000999807
+0000000000
+0000019626
+0000044415
03
+0000835150
+0100614504
+0014284674
+0000000000
+0000999807
+0000000000
+0000019626
+0000033333
03
+0000853390
+0101219424
+0013949401
+0000000000
+0000999807
+0000000000
+0000019626
+0000033333
03
+0000873209
+0101814760
+0013622464
+0000000000
+0000999807
+0000000000
+0000019626
+0000034656
03
+0000893199
+0102358944
+0013327276
+0000000000
+0000999807
+0000000000
+0000019626
+0000033510
03
+0000913905
+0102869144
+0013054470
+0000000000
+0000999807
+0000000000
+0000019626
+0000033333
03
+0000935433
+0103348208
+0012802486
+0000000000
+0000999807
+0000000000
+0000019626
+0000033333
03
+0000959787
+0103833248
+0012550609
+0000000000
+0000999807
+0000000000
+0000019626
+0000036320
03
+0000982960
+0104247312
+0012340269
+0000000000
+0000999807
+0000000000
+0000019626
+0000033333
03
+0001006955
+0104630248
+0012150752
+0000000000
+0000999807
+0000000000
+0000019626
+0000033333
03
+0001023492
+0105499144
+0012569602
+0000000000
+0000019729
+0000000000
+0000999805
+0000033333
04
+0001041083
+0106347656
+0013015123
+0000000000
+0000019729
+0000000000
+0000999805
+0000033776
04
+0001060299
+0107197872
+0013501793
+0000000000
+0000019729
+0000000000
+0000999805
+0000035228
04
+0001079303
+0107971256
+0013983109
+0000000000
+0000019729
+0000000000
+0000999805
+0000033333
04
+0001109421
+0109074280
+0014745890
+0000000000
+0000019729
+0000000000
+0000999805
+0000050635
04
+0001130069
+0109769288
+0015268851
+0000000000
+0000019729
+0000000000
+0000999805
+0000033333
04
+0001151111
+0110433168
+0015801769
+0000000000
+0000019729
+0000000000
+0000999805
+0000033333
04
+0001173742
+0111111208
+0016374939
+0000000000
+0000019729
+0000000000
+0000999805
+0000035851
04
+0001194784
+0111710512
+0016907858
+0000000000
+0000019729
+0000000000
+0000999805
+0000033333
04
+0001215825
+0112278688
+0017440776
+0000000000
+0000019729
+0000000000
+0000999805
+0000033333
04
+0001238297
+0112850040
+0018009918
+0000000000
+0000019729
+0000000000
+0000999805
+0000035599
04
+0001259339
+0113353880
+0018542838
+0000000000
+0000019729
+0000000000
+0000999805
+0000033333
04
+0001284911
+0113826664
+0019075558
+0000000000
+0000019729
+0000000000
+0000999805
+0000033333
04
+0001334749
+0114639832
+0020110486
+0000000000
+0000019729
+0000000000
+0000999805
+0000065910
04
+0001362485
+0115067688
+0020682086
+0000000000
+0000019729
+0000000000
+0000999805
+0000037948
04
+0001386007
+0115412416
+0021162856
+0000000000
+0000019729
+0000000000
+0000999805
+0000033333
04
+0001408687
+0115726016
+0021622304
+0000000000
+0000019729
+0000000000
+0000999805
+0000033333
04
+0001430877
+0116012576
+0022067502
+0000000000
+0000019729
+0000000000
+0000999805
+0000033870
04
+0001451873
+0116263424
+0022484318
+0000000000
+0000019729
+0000000000
+0000999805
+0000033333
04
+0001472028
+0116483216
+0022879816
+0000000000
+0000019729
+0000000000
+0000999805
+0000033333
04
+0001497532
+0116719176
+0023373948
+0000000000
+0000019729
+0000000000
+0000999805
+0000044018
04
+0001516003
+0116866760
+0023726810
+0000000000
+0000019729
+0000000000
+0000999805
+0000033333
04
+0001533633
+0116983216
+0024058358
+0000000000
+0000019729
+0000000000
+0000999805
+0000033333
04
+0001550420
+0117068544
+0024368586
+0000000000
+0000019729
+0000000000
+0000999805
+0000033333
04
+0001566367
+0117122800
+0024657498
+0000000000
+0000019729
+0000000000
+0000999805
+0000033333
04
+0001581471
+0117145936
+0024925090
+0000000000
+0000019729
+0000000000
+0000999805
+0000033333
04
+0001596976
+0117134336
+0025192812
+0000000000
+0000019729
+0000000000
+0000999805
+0000036235
04
+0001610397
+0117092528
+0025417770
+0000000000
+0000019729
+0000000000
+0000999805
+0000033333
04
+0001622976
+0117019592
+0025621412
+0000000000
+0000019729
+0000000000
+0000999805
+0000033333
04
+0001634848
+0116914000
+0025805820
+0000000000
+0000019729
+0000000000
+0000999805
+0000033714
04
+0001645744
+0116778504
+0025966828
+0000000000
+0000019729
+0000000000
+0000999805
+0000033333
04
+0001659011
+0116545536
+0026151148
+0000000000
+0000019729
+0000000000
+0000999805
+0000043983
04
+0001668224
+0116337888
+0026269520
+0000000000
+0000019729
+0000000000
+0000999805
+0000033333
04
+0001676595
+0116099120
+0026366576
+0000000000
+0000019729
+0000000000
+0000999805
+0000033333
04
+0001684124
+0115829224
+0026442312
+0000000000
+0000019729
+0000000000
+0000999805
+0000033333
04
+0001690811
+0115528256
+0026496732
+0000000000
+0000019729
+0000000000
+0000999805
+0000033333
04
+0001697522
+0115141720
+0026534734
+0000000000
+0000019729
+0000000000
+0000999805
+0000038265
04
+0001693888
+0114653200
+0026550406
+0000000000
+0000019729
+0000000000
+0000999805
+0000043191
04
+0001676663
+0114245056
+0026541718
+0000000000
+0000019729
+0000000000
+0000999805
+0000033333
04
+0001639865
+0113805784
+0026515564
+0000000000
+0000019729
+0000000000
+0000999805
+0000033333
04
+0001582219
+0113223144
+0026473548
+0000000000
-0000346291
+0000000000
+0000938126
+0000033333
04
+0000904615
+0113153080
+0026232622
+0000000000
-0000526500
+0000000000
+0000850174
+0000041721
00
+0000367222
+0113082944
+0026140728
+0000000000
-0000612863
+0000000000
+0000790188
+0000033333
00
-0000165712
+0113153080
+0026161770
+0000000000
-0000640391
+0000000000
+0000768048
+0000033333
00
-0000698646
+0113223144
+0026182812
+0000000000
-0000658302
+0000000000
+0000752753
+0000033333
00
-0001231581
+0113153080
+0026203854
+0000000000
-0000670040
+0000000000
+0000742324
+0000033333
00
-0001764515
+0114021976
+0026224896
+0000000000
-0000704251
+0000000000
+0000709950
+0000033333
04
-0002325214
+0114901736
+0026247034
+0000000000
-0000704251
+0000000000
+0000709950
+0000035071
04
-0002858132
+0115706784
+0026268076
+0000000000
-0000704251
+0000000000
+0000709950
+0000033333
04
-0003637524
+0116817624
+0026298850
+0000000000
-0000704251
+0000000000
+0000709950
+0000048749
04
-0004170443
+0117546080
+0026319890
+0000000000
-0000704251
+0000000000
+0000709950
+0000033333
04
-0004703361
+0118243408
+0026340932
+0000000000
-0000704251
+0000000000
+0000709950
+0000033333
04
-0005236279
+0118909608
+0026361974
+0000000000
-0000704251
+0000000000
+0000709950
+0000033333
04
-0005769197
+0119544680
+0026383016
+0000000000
-0000704251
+0000000000
+0000709950
+0000033333
04
-0006302115
+0120148680
+0026404058
+0000000000
-0000704251
+0000000000
+0000709950
+0000033333
04
-0006871076
+0120758056
+0026426524
+0000000000
-0000704251
+0000000000
+0000709950
+0000035587
04
-0007703634
+0121573856
+0026459396
+0000000000
-0000704251
+0000000000
+0000709950
+0000052075
04
-0008236552
+0122064944
+0026480438
+0000000000
-0000704251
+0000000000
+0000709950
+0000033333
04
-0008769470
+0122524904
+0026501480
+0000000000
-0000704251
+0000000000
+0000709950
+0000033333
04
-0009302388
+0122953736
+0026522522
+0000000000
-0000704251
+0000000000
+0000709950
+0000033333
04
-0009992441
+0123456848
+0026549768
+0000000000
-0000704251
+0000000000
+0000709950
+0000043161
04
-0010525359
+0123814272
+0026570810
+0000000000
-0000704251
+0000000000
+0000709950
+0000033333
04
-0011058277
+0124140624
+0026591852
+0000000000
-0000704251
+0000000000
+0000709950
+0000033333
04
-0011649252
+0124464232
+0026615186
+0000000000
-0000704251
+0000000000
+0000709950
+0000036964
04
-0012677008
+0125897824
+0026655768
+0000000000
-0000693015
+0000000000
+0000720922
+0000056394
04
-0013209926
+0126714112
+0026676810
+0000000000
-0000693015
+0000000000
+0000720922
+0000033333
04
-0014010953
+0127870728
+0026708436
+0000000000
-0000693015
+0000000000
+0000720922
+0000050103
04
-0014543871
+0128609128
+0026729478
+0000000000
-0000693015
+0000000000
+0000720922
+0000033333
04
-0015076789
+0129316408
+0026750520
+0000000000
-0000693015
+0000000000
+0000720922
+0000033333
04
-0015814600
+0130235960
+0026779652
+0000000000
-0000693015
+0000000000
+0000720922
+0000046149
04
-0016373339
+0130898136
+0026801712
+0000000000
-0000693015
+0000000000
+0000720922
+0000034948
04
-0016906258
+0131498600
+0026822754
+0000000000
-0000693015
+0000000000
+0000720922
+0000033333
04
-0017439176
+0132067936
+0026843796
+0000000000
-0000693015
+0000000000
+0000720922
+0000033333
04
-0017972096
+0132606200
+0026864838
+0000000000
-0000693015
+0000000000
+0000720922
+0000033333
04
-0018590374
+0133188784
+0026889250
+0000000000
-0000693015
+0000000000
+0000720922
+0000038672
04
-0019123292
+0133659792
+0026910292
+0000000000
-0000693015
+0000000000
+0000720922
+0000033333
04
-0019656212
+0134099728
+0026931334
+0000000000
-0000693015
+0000000000
+0000720922
+0000033333
04
-0020189130
+0134508544
+0026952376
+0000000000
-0000693015
+0000000000
+0000720922
+0000033333
04
-0020907498
+0135003120
+0026980740
+0000000000
-0000693015
+0000000000
+0000720922
+0000044932
04
-0021440416
+0135338864
+0027001782
+0000000000
-0000693015
+0000000000
+0000720922
+0000033333
04
-0021837410
+0135643552
+0027022822
+0000000000
-0000707102
+0000000000
+0000707111
+0000033333
02
-0021837410
+0135532464
+0027022822
+0000000000
-0000707102
+0000000000
+0000707111
+0000033333
02
-0021837410
+0135421392
+0027022822
+0000000000
-0000707102
+0000000000
+0000707111
+0000033333
02
-0021837410
+0135224608
+0027022822
+0000000000
+0000693022
+0000000000
+0000720915
+0000044356
03
-0021438120
+0136093504
+0027038610
+0000000000
+0000693022
+0000000000
+0000720915
+0000033333
03
-0021040030
+0136931280
+0027054448
+0000000000
+0000693022
+0000000000
+0000720915
+0000033333
03
-0020644336
+0137737920
+0027070378
+0000000000
+0000693022
+0000000000
+0000720915
+0000033333
03
-0020061028
+0138870240
+0027094338
+0000000000
+0000693022
+0000000000
+0000720915
+0000049639
03
-0019675328
+0139599488
+0027110662
+0000000000
+0000693022
+0000000000
+0000720915
+0000033333
03
-0019298022
+0140297600
+0027127320
+0000000000
+0000693022
+0000000000
+0000720915
+0000033333
03
-0018931908
+0140964592
+0027144418
+0000000000
+0000693022
+0000000000
+0000720915
+0000033333
03
-0018580184
+0141600464
+0027162086
+0000000000
+0000693022
+0000000000
+0000720915
+0000033333
03
-0018246444
+0142205264
+0027180464
+0000000000
+0000693022
+0000000000
+0000720915
+0000033333
03
-0017934022
+0142778928
+0027199682
+0000000000
+0000693022
+0000000000
+0000720915
+0000033333
03
-0017642920
+0143321472
+0027219742
+0000000000
+0000693022
+0000000000
+0000720915
+0000033333
03
-0018258646
+0144204048
+0027244052
+0000000000
-0000693017
+0000000000
+0000720920
+0000033878
04
-0018985348
+0145330320
+0027272746
+0000000000
-0000693017
+0000000000
+0000720920
+0000045454
04
-0019518266
+0146125184
+0027293788
+0000000000
-0000693017
+0000000000
+0000720920
+0000033333
04
-0020051186
+0146888912
+0027314828
+0000000000
-0000693017
+0000000000
+0000720920
+0000033333
04
-0020584104
+0147621520
+0027335870
+0000000000
-0000693017
+0000000000
+0000720920
+0000033333
04
-0021117024
+0148322992
+0027356912
+0000000000
-0000693017
+0000000000
+0000720920
+0000033333
04
-0021649942
+0148993408
+0027377954
+0000000000
-0000693017
+0000000000
+0000720920
+0000033333
04
-0021837410
+0149632688
+0027398996
+0000000000
-0000707104
+0000000000
+0000707108
+0000033333
02
-0021837410
+0149346864
+0027398996
+0000000000
-0000707104
+0000000000
+0000707108
+0000053464
02
-0021837412
+0149137568
+0027399012
+0000000000
-0000707104
+0000000000
+0000707108
+0000033333
02
-0021837412
+0148959344
+0027399012
+0000000000
-0000707104
+0000000000
+0000707108
+0000042216
02
-0021837412
+0148787536
+0027399012
+0000000000
-0000707104
+0000000000
+0000707108
+0000033333
02
-0021837412
+0148660944
+0027399012
+0000000000
-0000707104
+0000000000
+0000707108
+0000035580
02
-0021837412
+0148549808
+0027399012
+0000000000
-0000707281
+0000000000
-0000706931
+0000033333
03
-0021437412
+0149418704
+0027399006
+0000000000
-0000707281
+0000000000
-0000706931
+0000033333
03
-0020923478
+0150482720
+0027398980
+0000000000
-0000707281
+0000000000
-0000706931
+0000042785
03
-0020521880
+0151280576
+0027398910
+0000000000
-0000707281
+0000000000
-0000706931
+0000033333
03
-0020117882
+0152047296
+0027398746
+0000000000
-0000707281
+0000000000
-0000706931
+0000033333
03
-0019690510
+0152816288
+0027398410
+0000000000
-0000707281
+0000000000
-0000706931
+0000034916
03
-0019276520
+0153519280
+0027397852
+0000000000
-0000707281
+0000000000
-0000706931
+0000033333
03
-0018854138
+0154191216
+0027396964
+0000000000
-0000707281
+0000000000
-0000706931
+0000033333
03
-0018420562
+0154832032
+0027395632
+0000000000
-0000707281
+0000000000
-0000706931
+0000033333
03
-0017972600
+0155441712
+0027393732
+0000000000
-0000707281
+0000000000
-0000706931
+0000033333
03
-0017500282
+0156027776
+0027391086
+0000000000
-0000707281
+0000000000
-0000706931
+0000033789
03
-0016887034
+0156706176
+0027386744
+0000000000
-0000707281
+0000000000
-0000706931
+0000041951
03
-0016378477
+0157214112
+0027381940
+0000000000
-0000707281
+0000000000
-0000706931
+0000033333
03
-0015848709
+0157690912
+0027374870
+0000000000
-0000707281
+0000000000
-0000706931
+0000033333
03
-0015315472
+0158136592
+0027364760
+0000000000
-0000707281
+0000000000
-0000706931
+0000033333
03
-0014782323
+0158551152
+0027350728
+0000000000
-0000707281
+0000000000
-0000706931
+0000033333
03
-0014249323
+0158934576
+0027331872
+0000000000
-0000707281
+0000000000
-0000706931
+0000033333
03
-0013716555
+0159286928
+0027307332
+0000000000
-0000707281
+0000000000
-0000706931
+0000033333
03
-0013184125
+0159608160
+0027276290
+0000000000
-0000707281
+0000000000
-0000706931
+0000033333
03
-0012617847
+0159914800
+0027236292
+0000000000
-0000707281
+0000000000
-0000706931
+0000035480
03
-0012086322
+0160171808
+0027192420
+0000000000
-0000707281
+0000000000
-0000706931
+0000033333
03
-0011489179
+0160421504
+0027136276
+0000000000
-0000707281
+0000000000
-0000706931
+0000037486
03
-0010810516
+0160654480
+0027071318
+0000000000
-0000707281
+0000000000
-0000706931
+0000042610
03
-0010252880
+0160811520
+0027018910
+0000000000
-0000707281
+0000000000
-0000706931
+0000035005
03
-0009699203
+0161680416
+0027002816
+0000000000
-0000717305
+0000000000
-0000696758
+0000033333
04
-0009143535
+0162552240
+0026987118
+0000000000
-0000717305
+0000000000
-0000696758
+0000034743
04
-0008389060
+0163673712
+0026966420
+0000000000
-0000717305
+0000000000
-0000696758
+0000047172
04
-0007855916
+0164435056
+0026952210
+0000000000
-0000717305
+0000000000
-0000696758
+0000033333
04
-0007322761
+0165165280
+0026938398
+0000000000
-0000717305
+0000000000
-0000696758
+0000033333
04
-0006789597
+0165864384
+0026924972
+0000000000
-0000717305
+0000000000
-0000696758
+0000033333
04
-0006256424
+0166532352
+0026911914
+0000000000
-0000717305
+0000000000
-0000696758
+0000033333
04
-0005723242
+0167169184
+0026899210
+0000000000
-0000717305
+0000000000
-0000696758
+0000033333
04
-0005190052
+0167774960
+0026886844
+0000000000
-0000717305
+0000000000
-0000696758
+0000033333
04
-0004656854
+0168349616
+0026874804
+0000000000
-0000717305
+0000000000
-0000696758
+0000033333
04
-0004123650
+0168893184
+0026863076
+0000000000
-0000717305
+0000000000
-0000696758
+0000033333
04
-0003590439
+0169405632
+0026851646
+0000000000
-0000717305
+0000000000
-0000696758
+0000033333
04
-0002882407
+0170031248
+0026836854
+0000000000
-0000717305
+0000000000
-0000696758
+0000044261
04
-0002349185
+0170471248
+0026825988
+0000000000
-0000717305
+0000000000
-0000696758
+0000033333
04
-0001815957
+0170880128
+0026815390
+0000000000
-0000717305
+0000000000
-0000696758
+0000033333
04
-0001362590
+0171257936
+0026805044
+0000000000
-0000707105
+0000000000
-0000707108
+0000033333
02
-0001362590
+0171146848
+0026805044
+0000000000
-0000707105
+0000000000
-0000707108
+0000033333
02
-0001362590
+0171035760
+0026805044
+0000000000
-0000707105
+0000000000
-0000707108
+0000033333
02
-0001362590
+0170924688
+0026805044
+0000000000
-0000707105
+0000000000
-0000707108
+0000033333
02
-0001362590
+0170813600
+0026805044
+0000000000
-0000707105
+0000000000
-0000707108
+0000033333
02
-0001362590
+0170628480
+0026805044
+0000000000
-0000707105
+0000000000
-0000707108
+0000043024
02
-0001362590
+0170517328
+0026805044
+0000000000
-0000707105
+0000000000
-0000707108
+0000033333
02
-0001362590
+0170406256
+0026805044
+0000000000
-0000707105
+0000000000
-0000707108
+0000033333
02
-0001362590
+0170291136
+0026805044
+0000000000
-0000707105
+0000000000
-0000707108
+0000033925
02
-0001362590
+0170180048
+0026805044
+0000000000
-0000707105
+0000000000
-0000707108
+0000033333
02
-0001362590
+0170068976
+0026805044
+0000000000
-0000707105
+0000000000
-0000707108
+0000033333
02
-0001362590
+0169957888
+0026805044
+0000000000
-0000707105
+0000000000
-0000707108
+0000033333
02
-0001362590
+0169846800
+0026805044
+0000000000
-0000717308
+0000000000
+0000696754
+0000033333
03
-0001770327
+0170733152
+0026793222
+0000000000
-0000717308
+0000000000
+0000696754
+0000034028
03
-0002168472
+0171570320
+0026781770
+0000000000
-0000717308
+0000000000
+0000696754
+0000033333
03
-0002569287
+0172386528
+0026770438
+0000000000
-0000717308
+0000000000
+0000696754
+0000033771
03
-0003034677
+0173300480
+0026757664
+0000000000
-0000717308
+0000000000
+0000696754
+0000039635
03
-0003419740
+0174037968
+0026747586
+0000000000
-0000717308
+0000000000
+0000696754
+0000033333
03
-0002595828
+0174906864
+0026829508
+0000000000
+0000671212
+0000000000
+0000741264
+0000033333
04
-0002065093
+0175744624
+0026882090
+0000000000
+0000671212
+0000000000
+0000741264
+0000033333
04
-0001534288
+0176551264
+0026933956
+0000000000
+0000671212
+0000000000
+0000741264
+0000033333
04
-0001362591
+0177469664
+0026994188
+0000000000
+0000707105
+0000000000
+0000707107
+0000039780
02
-0001362591
+0177358528
+0026994188
+0000000000
+0000707105
+0000000000
+0000707107
+0000033333
02
-0001362591
+0177232784
+0026994188
+0000000000
+0000707105
+0000000000
+0000707107
+0000035456
02
-0001362591
+0177121712
+0026994188
+0000000000
+0000707105
+0000000000
+0000707107
+0000033333
02
-0001362591
+0177010624
+0026994188
+0000000000
+0000707105
+0000000000
+0000707107
+0000033333
02
-0001362591
+0176899536
+0026994188
+0000000000
+0000707105
+0000000000
+0000707107
+0000033333
02
-0001362591
+0176747312
+0026994188
+0000000000
-0000671213
+0000000000
+0000741263
+0000039017
03
-0001760214
+0177616208
+0027033752
+0000000000
-0000671213
+0000000000
+0000741263
+0000033333
03
-0002156598
+0178453984
+0027073280
+0000000000
-0000671213
+0000000000
+0000741263
+0000033333
03
-0002550501
+0179260624
+0027112734
+0000000000
-0000671213
+0000000000
+0000741263
+0000033333
03
-0002940269
+0180036192
+0027152066
+0000000000
-0000671213
+0000000000
+0000741263
+0000033333
03
-0003750325
+0181533024
+0027238812
+0000000000
-0000671213
+0000000000
+0000741263
+0000070278
03
-0004128336
+0182211856
+0027284084
+0000000000
-0000671213
+0000000000
+0000741263
+0000033333
03
-0004499828
+0182859616
+0027338328
+0000000000
-0000671213
+0000000000
+0000741263
+0000033333
03
-0004863360
+0183476256
+0027404582
+0000000000
-0000671213
+0000000000
+0000741263
+0000033333
03
-0005216943
+0184061760
+0027485848
+0000000000
-0000671213
+0000000000
+0000741263
+0000033333
03
-0005562665
+0184616208
+0027586644
+0000000000
-0000671213
+0000000000
+0000741263
+0000033333
03
-0005909281
+0185152288
+0027710162
+0000000000
-0000671213
+0000000000
+0000741263
+0000034199
03
-0006239231
+0185643680
+0027850144
+0000000000
-0000671213
+0000000000
+0000741263
+0000033333
03
-0006561295
+0186103936
+0028009718
+0000000000
-0000671213
+0000000000
+0000741263
+0000033333
03
-0007029296
+0186720528
+0028276610
+0000000000
-0000671213
+0000000000
+0000741263
+0000049653
03
-0007335561
+0187103328
+0028475438
+0000000000
-0000671213
+0000000000
+0000741263
+0000033333
03
-0007633912
+0187455024
+0028693924
+0000000000
-0000671213
+0000000000
+0000741263
+0000033333
03
-0007948971
+0187799920
+0028952260
+0000000000
-0000671213
+0000000000
+0000741263
+0000036158
03
-0008366039
+0188201472
+0029332836
+0000000000
-0000671213
+0000000000
+0000741263
+0000049207
03
-0008641468
+0188442384
+0029610610
+0000000000
-0000671213
+0000000000
+0000741263
+0000033333
03
-0008910719
+0188652224
+0029908582
+0000000000
-0000671213
+0000000000
+0000741263
+0000033333
03
-0009214153
+0188852240
+0030274602
+0000000000
-0000671213
+0000000000
+0000741263
+0000038304
03
-0009474180
+0188995184
+0030613926
+0000000000
-0000671213
+0000000000
+0000741263
+0000033333
03
-0009776453
+0189120240
+0031037644
+0000000000
-0000671213
+0000000000
+0000741263
+0000039200
03
-0010031096
+0189195488
+0031419002
+0000000000
-0000671213
+0000000000
+0000741263
+0000033333
03
-0010283347
+0189239632
+0031821418
+0000000000
-0000671213
+0000000000
+0000741263
+0000033333
03
-0010602999
+0189245184
+0032363178
+0000000000
-0000671213
+0000000000
+0000741263
+0000042644
03
-0010850467
+0189218384
+0032807708
+0000000000
-0000671213
+0000000000
+0000741263
+0000033333
03
-0011095544
+0189160528
+0033273296
+0000000000
-0000671213
+0000000000
+0000741263
+0000033333
03
-0011333558
+0189071536
+0033750572
+0000000000
-0000671213
+0000000000
+0000741263
+0000033333
03
-0011561531
+0188951424
+0034232728
+0000000000
-0000671213
+0000000000
+0000741263
+0000033333
03
-0011779697
+0188800176
+0034719400
+0000000000
-0000671213
+0000000000
+0000741263
+0000033333
03
-0011988298
+0188617792
+0035210244
+0000000000
-0000671213
+0000000000
+0000741263
+0000033333
03
-0012187782
+0188404176
+0035705360
+0000000000
-0000671213
+0000000000
+0000741263
+0000033362
03
-0012378021
+0188159600
+0036203608
+0000000000
-0000671213
+0000000000
+0000741263
+0000033333
03
-0012559439
+0187883904
+0036705140
+0000000000
-0000671213
+0000000000
+0000741263
+0000033333
03
-0012762110
+0187528752
+0037279104
+0000000000
-0000671213
+0000000000
+0000741263
+0000038043
03
-0012937052
+0187186400
+0037782928
+0000000000
-0000671213
+0000000000
+0000741263
+0000033333
03
-0013084721
+0188055296
+0038399224
+0000000000
-0000117316
+0000000000
+0000993094
+0000033333
04
-0013248077
+0189142096
+0039079860
+0000000000
-0000117316
+0000000000
+0000993094
+0000043747
04
-0013372768
+0189939024
+0039598412
+0000000000
-0000117316
+0000000000
+0000993094
+0000033333
04
-0013497673
+0190704832
+0040116912
+0000000000
-0000117316
+0000000000
+0000993094
+0000033333
04
-0013622783
+0191439568
+0040635364
+0000000000
-0000117316
+0000000000
+0000993094
+0000033333
04
-0013748067
+0192143184
+0041153776
+0000000000
-0000117316
+0000000000
+0000993094
+0000033333
04
-0013877510
+0192835632
+0041688252
+0000000000
-0000117316
+0000000000
+0000993094
+0000034370
04
-0014003289
+0193476080
+0042206544
+0000000000
-0000117316
+0000000000
+0000993094
+0000033333
04
-0014132556
+0194100288
+0042738164
+0000000000
-0000117316
+0000000000
+0000993094
+0000034194
04
-0014298781
+0194847600
+0043420496
+0000000000
-0000117316
+0000000000
+0000993094
+0000043893
04
-0014425231
+0195384032
+0043938624
+0000000000
-0000117316
+0000000000
+0000993094
+0000033333
04
-0014551887
+0195889344
+0044456704
+0000000000
-0000117316
+0000000000
+0000993094
+0000033333
04
-0014490832
+0196363520
+0044869528
+0000000000
-0000505715
+0000000000
+0000862700
+0000033333
02
-0014490832
+0196252448
+0044869528
+0000000000
-0000505715
+0000000000
+0000862700
+0000033333
02
-0014490832
+0196141360
+0044869528
+0000000000
-0000505715
+0000000000
+0000862700
+0000033333
02
-0014490832
+0195996336
+0044869528
+0000000000
-0000505715
+0000000000
+0000862700
+0000038076
02
-0014490832
+0195885248
+0044869528
+0000000000
-0000505715
+0000000000
+0000862700
+0000033333
02
-0014490832
+0195753472
+0044869528
+0000000000
-0000505715
+0000000000
+0000862700
+0000036303
02
-0014490832
+0195642336
+0044869528
+0000000000
-0000505715
+0000000000
+0000862700
+0000033333
02
-0014490832
+0195506464
+0044869528
+0000000000
-0000505715
+0000000000
+0000862700
+0000036864
02
-0014490832
+0195395392
+0044869528
+0000000000
-0000505715
+0000000000
+0000862700
+0000033333
02
-0014490832
+0195284304
+0044869528
+0000000000
-0000505715
+0000000000
+0000862700
+0000033333
02
-0014490832
+0195173216
+0044869528
+0000000000
-0000505715
+0000000000
+0000862700
+0000033333
02
-0014490832
+0195062128
+0044869528
+0000000000
+0000587495
+0000000000
+0000809226
+0000033333
03
-0014110454
+0195931024
+0044993800
+0000000000
+0000587495
+0000000000
+0000809226
+0000033333
03
-0013702061
+0196827760
+0045128448
+0000000000
+0000587495
+0000000000
+0000809226
+0000035775
03
-0013321278
+0197632144
+0045256276
+0000000000
+0000587495
+0000000000
+0000809226
+0000033333
03
-0012889629
+0198503056
+0045405476
+0000000000
+0000587495
+0000000000
+0000809226
+0000037741
03
-0012507728
+0199241088
+0045543152
+0000000000
+0000587495
+0000000000
+0000809226
+0000033333
03
-0011938914
+0200268976
+0045760024
+0000000000
+0000587495
+0000000000
+0000809226
+0000049525
03
-0011554815
+0200929680
+0045917044
+0000000000
+0000587495
+0000000000
+0000809226
+0000033333
03
-0011166039
+0201559328
+0046087884
+0000000000
+0000587495
+0000000000
+0000809226
+0000033333
03
-0010770345
+0202157840
+0046275932
+0000000000
+0000587495
+0000000000
+0000809226
+0000033333
03
-0010366033
+0202725216
+0046484328
+0000000000
+0000587495
+0000000000
+0000809226
+0000033333
03
-0009953103
+0203261472
+0046713076
+0000000000
+0000587495
+0000000000
+0000809226
+0000033333
03
-0009531555
+0203766608
+0046962172
+0000000000
+0000587495
+0000000000
+0000809226
+0000033333
03
-0009047606
+0204295536
+0047265308
+0000000000
+0000587495
+0000000000
+0000809226
+0000037500
03
-0008608823
+0204734560
+0047555104
+0000000000
+0000587495
+0000000000
+0000809226
+0000033333
03
-0008170501
+0205142512
+0047858952
+0000000000
+0000587495
+0000000000
+0000809226
+0000033333
03
-0007738792
+0205519344
+0048172108
+0000000000
+0000587495
+0000000000
+0000809226
+0000033333
03
-0007313639
+0205865056
+0048494116
+0000000000
+0000587495
+0000000000
+0000809226
+0000033333
03
-0006894992
+0206179680
+0048824540
+0000000000
+0000587495
+0000000000
+0000809226
+0000033333
03
-0006482779
+0206463200
+0049162952
+0000000000
+0000587495
+0000000000
+0000809226
+0000033333
03
-0006023840
+0206744016
+0049554204
+0000000000
+0000587495
+0000000000
+0000809226
+0000037692
03
-0005624230
+0206961248
+0049907412
+0000000000
+0000587495
+0000000000
+0000809226
+0000033333
03
-0005375942
+0207918272
+0050493692
+0000000000
+0000198962
+0000000000
+0000980006
+0000036853
04
-0005064085
+0209146240
+0051230076
+0000000000
+0000198962
+0000000000
+0000980006
+0000049981
04
-0004856101
+0209934080
+0051721184
+0000000000
+0000198962
+0000000000
+0000980006
+0000033333
04
-0004612674
+0210813232
+0052295736
+0000000000
+0000198962
+0000000000
+0000980006
+0000038999
04
-0004402989
+0211533568
+0052786116
+0000000000
+0000198962
+0000000000
+0000980006
+0000033333
04
-0004188607
+0212222784
+0053274468
+0000000000
+0000198962
+0000000000
+0000980006
+0000033333
04
-0003884243
+0213108272
+0053938428
+0000000000
+0000198962
+0000000000
+0000980006
+0000045649
04
-0003652623
+0213723760
+0054418840
+0000000000
+0000198962
+0000000000
+0000980006
+0000033333
04
-0003307999
+0214535040
+0055093176
+0000000000
+0000198962
+0000000000
+0000980006
+0000047331
04
-0003053583
+0215075264
+0055561916
+0000000000
+0000198962
+0000000000
+0000980006
+0000033333
04
-0002786908
+0215584352
+0056023792
+0000000000
+0000198962
+0000000000
+0000980006
+0000033333
04
-0002506397
+0216062384
+0056477396
+0000000000
+0000198962
+0000000000
+0000980006
+0000033333
04
-0002211868
+0216509280
+0056922032
+0000000000
+0000198962
+0000000000
+0000980006
+0000033333
04
-0001899993
+0216928960
+0057361328
+0000000000
+0000198962
+0000000000
+0000980006
+0000033671
04
-0001480552
+0217415840
+0057912104
+0000000000
+0000198962
+0000000000
+0000980006
+0000043269
04
-0001143623
+0217759760
+0058325536
+0000000000
+0000198962
+0000000000
+0000980006
+0000033333
04
-0000793466
+0218072624
+0058727820
+0000000000
+0000198962
+0000000000
+0000980006
+0000033333
04
-0000662596
+0218354368
+0059118828
+0000000000
+0000707099
+0000000000
+0000707113
+0000033333
02
-0000662596
+0218168144
+0059118828
+0000000000
-0000198981
+0000000000
+0000980002
+0000043154
03
-0000818192
+0219037056
+0059487120
+0000000000
-0000198981
+0000000000
+0000980002
+0000033333
03
-0000972569
+0219874816
+0059855328
+0000000000
-0000198981
+0000000000
+0000980002
+0000033333
03
-0001124508
+0220681520
+0060223360
+0000000000
-0000198981
+0000000000
+0000980002
+0000033333
03
-0001272383
+0221457088
+0060591092
+0000000000
-0000198981
+0000000000
+0000980002
+0000033333
03
-0001415749
+0222209472
+0060962456
+0000000000
-0000198981
+0000000000
+0000980002
+0000033704
03
-0001549014
+0222922480
+0061329088
+0000000000
-0000198981
+0000000000
+0000980002
+0000033333
03
-0001670916
+0223604368
+0061694856
+0000000000
-0000198981
+0000000000
+0000980002
+0000033333
03
-0001778208
+0224255120
+0062059516
+0000000000
-0000198981
+0000000000
+0000980002
+0000033333
03
-0001003615
+0225153440
+0061998536
+0000000000
+0000734331
+0000000000
+0000678790
+0000034506
04
-0000662591
+0225990112
+0061956676
+0000000000
+0000707107
+0000000000
+0000707104
+0000033333
02
-0000662591
+0225879024
+0061956676
+0000000000
+0000707107
+0000000000
+0000707104
+0000033333
02
-0000662591
+0225767952
+0061956676
+0000000000
+0000707107
+0000000000
+0000707104
+0000033333
02
-0000662591
+0225654784
+0061956676
+0000000000
+0000707107
+0000000000
+0000707104
+0000033637
02
-0000662591
+0225543696
+0061956676
+0000000000
+0000707107
+0000000000
+0000707104
+0000033333
02
-0000662591
+0225394464
+0061956676
+0000000000
+0000707107
+0000000000
+0000707104
+0000038628
02
-0000662591
+0225283328
+0061956676
+0000000000
+0000707107
+0000000000
+0000707104
+0000033333
02
-0000662591
+0225172240
+0061956676
+0000000000
+0000707107
+0000000000
+0000707104
+0000033333
02
-0000662591
+0225061152
+0061956676
+0000000000
+0000707107
+0000000000
+0000707104
+0000033333
02
-0000662591
+0224950080
+0061956676
+0000000000
+0000707107
+0000000000
+0000707104
+0000033333
02
-0000662591
+0224825920
+0061956676
+0000000000
+0000734328
+0000000000
-0000678793
+0000035237
03
-0001060953
+0225694832
+0061925252
+0000000000
+0000734328
+0000000000
-0000678793
+0000033333
03
-0001458103
+0226532592
+0061893724
+0000000000
+0000734328
+0000000000
-0000678793
+0000033333
03
-0001852827
+0227339232
+0061861988
+0000000000
+0000734328
+0000000000
-0000678793
+0000033333
03
-0002243460
+0228114800
+0061830400
+0000000000
+0000734328
+0000000000
-0000678793
+0000033333
03
-0002645495
+0228884272
+0061802760
+0000000000
+0000734328
+0000000000
-0000678793
+0000034504
03
-0003030471
+0229596496
+0061783468
+0000000000
+0000734328
+0000000000
-0000678793
+0000033333
03
-0003414885
+0230277584
+0061775832
+0000000000
+0000734328
+0000000000
-0000678793
+0000033333
03
-0003799753
+0230927616
+0061783472
+0000000000
+0000734328
+0000000000
-0000678793
+0000033333
03
-0004190806
+0231554752
+0061810268
+0000000000
+0000734328
+0000000000
-0000678793
+0000033801
03
-0004579304
+0232142096
+0061858616
+0000000000
+0000734328
+0000000000
-0000678793
+0000033333
03
-0005012167
+0232751104
+0061935680
+0000000000
+0000734328
+0000000000
-0000678793
+0000036703
03
-0005410109
+0233273072
+0062027176
+0000000000
+0000734328
+0000000000
-0000678793
+0000033333
03
-0005884616
+0233844544
+0062160072
+0000000000
+0000734328
+0000000000
-0000678793
+0000039248
03
-0006292653
+0234298832
+0062294312
+0000000000
+0000734328
+0000000000
-0000678793
+0000033333
03
-0006705827
+0234721984
+0062449728
+0000000000
+0000734328
+0000000000
-0000678793
+0000033333
03
-0007124136
+0235114016
+0062626328
+0000000000
+0000734328
+0000000000
-0000678793
+0000033333
03
-0007618197
+0235529056
+0062857088
+0000000000
+0000734328
+0000000000
-0000678793
+0000038892
03
-0008046777
+0235853632
+0063076048
+0000000000
+0000734328
+0000000000
-0000678793
+0000033333
03
-0008193754
+0236722528
+0063650152
+0000000000
+0000124986
+0000000000
-0000992157
+0000033333
04
-0008327461
+0237560304
+0064166452
+0000000000
+0000124986
+0000000000
-0000992157
+0000033333
04
-0008462700
+0238366944
+0064682352
+0000000000
+0000124986
+0000000000
-0000992157
+0000033333
04
-0008640658
+0239363104
+0065352484
+0000000000
+0000124986
+0000000000
-0000992157
+0000043335
04
-0008779166
+0240098208
+0065867524
+0000000000
+0000124986
+0000000000
-0000992157
+0000033333
04
-0008919383
+0240802192
+0066382096
+0000000000
+0000124986
+0000000000
-0000992157
+0000033333
04
-0009061787
+0241475104
+0066896064
+0000000000
+0000124986
+0000000000
-0000992157
+0000033333
04
-0009206728
+0242116880
+0067409328
+0000000000
+0000124986
+0000000000
-0000992157
+0000033333
04
-0009359342
+0242747440
+0067939432
+0000000000
+0000124986
+0000000000
-0000992157
+0000034477
04
-0009565981
+0243523248
+0068639264
+0000000000
+0000124986
+0000000000
-0000992157
+0000045606
04
-0009719828
+0244059200
+0069149928
+0000000000
+0000124986
+0000000000
-0000992157
+0000033333
04
-0009875795
+0244564032
+0069659944
+0000000000
+0000124986
+0000000000
-0000992157
+0000033333
04
-0010033540
+0245037712
+0070169408
+0000000000
+0000124986
+0000000000
-0000992157
+0000033333
04
-0010198275
+0245490960
+0070691184
+0000000000
+0000124986
+0000000000
-0000992157
+0000034197
04
-0010362434
+0245901616
+0071198624
+0000000000
+0000124986
+0000000000
-0000992157
+0000033333
04
-0010532434
+0246281184
+0071704136
+0000000000
+0000124986
+0000000000
-0000992157
+0000033333
04
-0010711329
+0246629632
+0072206576
+0000000000
+0000124986
+0000000000
-0000992157
+0000033333
04
-0010897833
+0246946960
+0072706240
+0000000000
+0000124986
+0000000000
-0000992157
+0000033333
04
-0011091623
+0247234128
+0073205272
+0000000000
+0000124986
+0000000000
-0000992157
+0000033458
04
-0011290540
+0247489136
+0073700120
+0000000000
+0000124986
+0000000000
-0000992157
+0000033333
04
-0011600106
+0247804080
+0074446672
+0000000000
+0000124986
+0000000000
-0000992157
+0000050511
04
-0011809541
+0247980832
+0074937168
+0000000000
+0000124986
+0000000000
-0000992157
+0000033333
04
-0012028672
+0248126464
+0075423400
+0000000000
+0000124986
+0000000000
-0000992157
+0000033333
04
-0012318432
+0248260192
+0076026624
+0000000000
+0000124986
+0000000000
-0000992157
+0000041825
04
-0012614351
+0248343872
+0076605440
+0000000000
+0000124986
+0000000000
-0000992157
+0000040629
04
-0012886176
+0248381712
+0077107120
+0000000000
+0000124986
+0000000000
-0000992157
+0000035661
04
-0013203048
+0248379520
+0077661000
+0000000000
+0000124986
+0000000000
-0000992157
+0000039882
04
-0013478124
+0248346560
+0078117928
+0000000000
+0000124986
+0000000000
-0000992157
+0000033333
04
-0013762938
+0248282464
+0078568840
+0000000000
+0000124986
+0000000000
-0000992157
+0000033333
04
-0014057177
+0248187312
+0079013664
+0000000000
+0000124986
+0000000000
-0000992157
+0000033333
04
-0014360368
+0248061040
+0079452432
+0000000000
+0000124986
+0000000000
-0000992157
+0000033333
04
-0014672058
+0247903632
+0079885208
+0000000000
+0000124986
+0000000000
-0000992157
+0000033333
04
-0014991814
+0247715088
+0080312056
+0000000000
+0000124986
+0000000000
-0000992157
+0000033333
04
-0015335299
+0247483088
+0080753744
+0000000000
+0000124986
+0000000000
-0000992157
+0000034970
04
-0015669961
+0247230832
+0081169016
+0000000000
+0000124986
+0000000000
-0000992157
+0000033333
04
-0016011503
+0246947456
+0081578640
+0000000000
+0000124986
+0000000000
-0000992157
+0000033333
04
-0016399014
+0246593024
+0082029352
+0000000000
+0000124986
+0000000000
-0000992157
+0000037149
04
-0016752207
+0246243904
+0082428968
+0000000000
+0000124986
+0000000000
-0000992157
+0000033333
04
-0017110612
+0245863648
+0082823928
+0000000000
+0000124986
+0000000000
-0000992157
+0000033333
04
-0017473818
+0245452272
+0083214480
+0000000000
+0000124986
+0000000000
-0000992157
+0000033333
04
-0017841584
+0245009760
+0083600728
+0000000000
+0000124986
+0000000000
-0000992157
+0000033333
04
-0018213678
+0244536192
+0083982816
+0000000000
+0000124986
+0000000000
-0000992157
+0000033333
04
-0018589888
+0244031488
+0084360856
+0000000000
+0000124986
+0000000000
-0000992157
+0000033333
04
-0018999056
+0243452144
+0084763552
+0000000000
+0000124986
+0000000000
-0000992157
+0000035880
04
-0019382886
+0242653072
+0085133840
+0000000000
+0000215723
+0000000000
-0000976453
+0000033333
04
-0019875594
+0242775152
+0085424352
+0000000000
+0000312631
+0000000000
-0000949873
+0000033333
00
-0020822512
+0242653072
+0085982680
+0000000000
+0000375541
+0000000000
-0000926804
+0000064062
00
-0021315218
+0242530944
+0086273192
+0000000000
+0000416561
+0000000000
-0000909106
+0000033333
00
-0021893626
+0242653072
+0086614240
+0000000000
+0000443452
+0000000000
-0000896297
+0000039131
00
-0022379396
+0242775152
+0086910232
+0000000000
+0000459017
+0000000000
-0000888426
+0000033333
00
-0022815272
+0243644048
+0087245632
+0000000000
+0000457254
+0000000000
-0000889334
+0000033333
04
-0023447018
+0244881472
+0087740984
+0000000000
+0000457254
+0000000000
-0000889334
+0000050174
04
-0023863720
+0245672432
+0088073856
+0000000000
+0000457254
+0000000000
-0000889334
+0000033333
04
-0024277506
+0246432256
+0088410344
+0000000000
+0000457254
+0000000000
-0000889334
+0000033333
04
-0024685854
+0247161008
+0088753416
+0000000000
+0000457254
+0000000000
-0000889334
+0000033333
04
-0025088380
+0247858640
+0089103304
+0000000000
+0000457254
+0000000000
-0000889334
+0000033333
04
-0025485146
+0248525152
+0089459704
+0000000000
+0000457254
+0000000000
-0000889334
+0000033333
04
-0025981670
+0249321168
+0089920024
+0000000000
+0000457254
+0000000000
-0000889334
+0000042317
04
-0026367108
+0249917056
+0090288640
+0000000000
+0000457254
+0000000000
-0000889334
+0000033333
04
-0026830958
+0250599248
+0090747192
+0000000000
+0000457254
+0000000000
-0000889334
+0000040765
04
-0027207758
+0251130976
+0091132176
+0000000000
+0000457254
+0000000000
-0000889334
+0000033668
04
-0027574560
+0251626288
+0091519352
+0000000000
+0000457254
+0000000000
-0000889334
+0000033333
04
-0027934434
+0252090448
+0091912960
+0000000000
+0000457254
+0000000000
-0000889334
+0000033333
04
-0028287266
+0252523552
+0092312904
+0000000000
+0000457254
+0000000000
-0000889334
+0000033333
04
-0028440916
+0253392464
+0092982536
+0000000000
+0000112537
+0000000000
-0000993646
+0000033333
04
-0028559638
+0254230224
+0093502488
+0000000000
+0000112537
+0000000000
-0000993646
+0000033333
04
-0028680472
+0255058224
+0094037032
+0000000000
+0000112537
+0000000000
-0000993646
+0000034251
04
-0028796944
+0255832944
+0094557496
+0000000000
+0000112537
+0000000000
-0000993646
+0000033333
04
-0028913670
+0256584720
+0095084200
+0000000000
+0000112537
+0000000000
-0000993646
+0000033717
04
-0029060262
+0257486336
+0095751944
+0000000000
+0000112537
+0000000000
-0000993646
+0000042728
04
-0029173628
+0258158576
+0096273096
+0000000000
+0000112537
+0000000000
-0000993646
+0000033333
04
-0029323550
+0258999824
+0096968448
+0000000000
+0000112537
+0000000000
-0000993646
+0000044458
04
-0029434530
+0259599488
+0097490104
+0000000000
+0000112537
+0000000000
-0000993646
+0000033333
04
-0029543230
+0260167968
+0098012248
+0000000000
+0000112537
+0000000000
-0000993646
+0000033333
04
-0029648686
+0260705376
+0098535048
+0000000000
+0000112537
+0000000000
-0000993646
+0000033333
04
-0029749974
+0261211664
+0099058680
+0000000000
+0000112537
+0000000000
-0000993646
+0000033333
04
-0029875242
+0261818000
+0099741520
+0000000000
+0000112537
+0000000000
-0000993646
+0000043389
04
-0029978572
+0262317072
+0100352344
+0000000000
+0000112537
+0000000000
-0000993646
+0000038718
04
-0030057796
+0262715632
+0100879760
+0000000000
+0000112537
+0000000000
-0000993646
+0000033333
04
-0030126052
+0263083072
+0101408704
+0000000000
+0000112537
+0000000000
-0000993646
+0000033333
04
-0030182286
+0263419440
+0101835752
+0000000000
+0000000002
+0000000000
-0000999999
+0000033333
02
-0030182286
+0263308352
+0101835752
+0000000000
+0000000002
+0000000000
-0000999999
+0000033333
02
-0030182286
+0263069328
+0101835752
+0000000000
+0000000002
+0000000000
-0000999999
+0000048888
02
-0030182286
+0262958256
+0101835752
+0000000000
+0000000002
+0000000000
-0000999999
+0000033333
02
-0030182286
+0262847168
+0101835752
+0000000000
+0000000002
+0000000000
-0000999999
+0000033333
02
-0030182286
+0262732784
+0101835752
+0000000000
+0000000002
+0000000000
-0000999999
+0000033822
02
-0030182286
+0262621712
+0101835752
+0000000000
+0000993647
+0000000000
-0000112531
+0000033333
03
-0030292242
+0263685664
+0101354336
+0000000000
+0000993647
+0000000000
-0000112531
+0000041163
03
-0030380050
+0264516112
+0100964560
+0000000000
+0000993647
+0000000000
-0000112531
+0000033333
03
-0030465394
+0265315424
+0100574928
+0000000000
+0000993647
+0000000000
-0000112531
+0000033333
03
-0030546624
+0266083680
+0100185528
+0000000000
+0000993647
+0000000000
-0000112531
+0000033333
03
-0030621712
+0266820800
+0099796504
+0000000000
+0000993647
+0000000000
-0000112531
+0000033333
03
-0030688202
+0267526848
+0099407984
+0000000000
+0000993647
+0000000000
-0000112531
+0000033333
03
-0030784948
+0268672000
+0098726088
+0000000000
+0000993647
+0000000000
-0000112531
+0000058606
03
-0030825236
+0269292224
+0098339136
+0000000000
+0000993647
+0000000000
-0000112531
+0000033333
03
-0030849068
+0269931392
+0097918488
+0000000000
+0000993647
+0000000000
-0000112531
+0000036338
03
-0030848972
+0270486560
+0097533600
+0000000000
+0000993647
+0000000000
-0000112531
+0000033333
03
-0030826900
+0271010624
+0097148608
+0000000000
+0000993647
+0000000000
-0000112531
+0000033333
03
-0030781700
+0271516000
+0096751936
+0000000000
+0000993647
+0000000000
-0000112531
+0000034231
03
-0030715844
+0271977056
+0096363240
+0000000000
+0000993647
+0000000000
-0000112531
+0000033333
03
-0030628302
+0272406976
+0095970968
+0000000000
+0000993647
+0000000000
-0000112531
+0000033333
03
-0030519134
+0272805792
+0095572168
+0000000000
+0000993647
+0000000000
-0000112531
+0000033333
03
-0030388708
+0273173472
+0095165488
+0000000000
+0000993647
+0000000000
-0000112531
+0000033333
03
-0030237180
+0273510016
+0094750352
+0000000000
+0000993647
+0000000000
-0000112531
+0000033333
03
-0030064620
+0273815424
+0094326248
+0000000000
+0000993647
+0000000000
-0000112531
+0000033333
03
-0029871026
+0274089792
+0093893192
+0000000000
+0000993647
+0000000000
-0000112531
+0000033333
03
-0029656396
+0274332992
+0093450960
+0000000000
+0000993647
+0000000000
-0000112531
+0000033333
03
-0029026456
+0275359616
+0093222320
+0000000000
+0000818894
+0000000000
+0000573942
+0000039653
04
-0028525062
+0276191520
+0093040528
+0000000000
+0000818894
+0000000000
+0000573942
+0000033333
04
-0028023606
+0276992320
+0092858912
+0000000000
+0000818894
+0000000000
+0000573942
+0000033333
04
-0027522090
+0277761952
+0092677456
+0000000000
+0000818894
+0000000000
+0000573942
+0000033333
04
-0027020516
+0278500480
+0092496152
+0000000000
+0000818894
+0000000000
+0000573942
+0000033333
04
-0026481624
+0279257984
+0092301552
+0000000000
+0000818894
+0000000000
+0000573942
+0000035809
04
-0025979944
+0279932000
+0092120552
+0000000000
+0000818894
+0000000000
+0000573942
+0000033333
04
-0025478212
+0280574944
+0091939688
+0000000000
+0000818894
+0000000000
+0000573942
+0000033333
04
-0024976604
+0281186752
+0091758480
+0000000000
+0000818894
+0000000000
+0000573942
+0000033333
04
-0024475138
+0281767456
+0091576896
+0000000000
+0000818894
+0000000000
+0000573942
+0000033333
04
-0023972386
+0282318592
+0091394080
+0000000000
+0000818894
+0000000000
+0000573942
+0000033434
04
-0023471726
+0282836960
+0091210272
+0000000000
+0000818894
+0000000000
+0000573942
+0000033333
04
-0022966726
+0283329056
+0091021944
+0000000000
+0000818894
+0000000000
+0000573942
+0000033685
04
-0022468344
+0283784864
+0090832056
+0000000000
+0000818894
+0000000000
+0000573942
+0000033333
04
-0021971672
+0284209600
+0090637728
+0000000000
+0000818894
+0000000000
+0000573942
+0000033333
04
-0021360544
+0284686880
+0090391064
+0000000000
+0000818894
+0000000000
+0000573942
+0000041189
04
-0020868490
+0285041984
+0090185336
+0000000000
+0000818894
+0000000000
+0000573942
+0000033333
04
-0020378924
+0285366016
+0089973744
+0000000000
+0000818894
+0000000000
+0000573942
+0000033333
04
-0019891810
+0285658944
+0089756576
+0000000000
+0000818894
+0000000000
+0000573942
+0000033333
04
-0019371432
+0285937184
+0089519824
+0000000000
+0000818894
+0000000000
+0000573942
+0000035731
04
-0018884926
+0286165664
+0089301288
+0000000000
+0000818894
+0000000000
+0000573942
+0000033333
04
-0018397418
+0286363040
+0089085000
+0000000000
+0000818894
+0000000000
+0000573942
+0000033333
04
-0017908956
+0286529312
+0088870872
+0000000000
+0000818894
+0000000000
+0000573942
+0000033333
04
-0017419586
+0286664416
+0088658840
+0000000000
+0000818894
+0000000000
+0000573942
+0000033333
04
-0016929350
+0286768448
+0088448808
+0000000000
+0000818894
+0000000000
+0000573942
+0000033333
04
-0016438288
+0286841312
+0088240712
+0000000000
+0000818894
+0000000000
+0000573942
+0000033333
04
-0015946440
+0286883104
+0088034488
+0000000000
+0000818894
+0000000000
+0000573942
+0000033333
04
-0015453843
+0286893792
+0087830056
+0000000000
+0000818894
+0000000000
+0000573942
+0000033333
04
-0014960532
+0286873408
+0087627352
+0000000000
+0000818894
+0000000000
+0000573942
+0000033333
04
-0014466540
+0286821888
+0087426312
+0000000000
+0000818894
+0000000000
+0000573942
+0000033333
04
-0013971898
+0286739264
+0087226880
+0000000000
+0000818894
+0000000000
+0000573942
+0000033333
04
-0013476636
+0286625504
+0087028992
+0000000000
+0000818894
+0000000000
+0000573942
+0000033333
04
-0012980783
+0286480576
+0086832592
+0000000000
+0000818894
+0000000000
+0000573942
+0000033333
04
-0012484365
+0286304576
+0086637616
+0000000000
+0000818894
+0000000000
+0000573942
+0000033333
04
-0012172587
+0286097472
+0086444032
+0000000000
+0000707107
+0000000000
+0000707104
+0000033333
02
-0012172587
+0285986336
+0086444032
+0000000000
+0000707107
+0000000000
+0000707104
+0000033333
02
-0012172587
+0285875232
+0086444032
+0000000000
+0000707107
+0000000000
+0000707104
+0000033333
02
-0012172587
+0285764160
+0086444032
+0000000000
+0000707107
+0000000000
+0000707104
+0000033333
02
-0012172587
+0285653088
+0086444032
+0000000000
+0000707107
+0000000000
+0000707104
+0000033333
02
-0012172587
+0285541984
+0086444032
+0000000000
+0000707107
+0000000000
+0000707104
+0000033333
02
-0012172587
+0285396864
+0086444032
+0000000000
+0000707107
+0000000000
+0000707104
+0000038098
02
-0012172587
+0285285760
+0086444032
+0000000000
+0000707107
+0000000000
+0000707104
+0000033333
02
-0012172587
+0285168960
+0086444032
+0000000000
+0000707107
+0000000000
+0000707104
+0000034180
02
-0012172587
+0284953600
+0086444032
+0000000000
+0000707107
+0000000000
+0000707104
+0000046407
02
-0012172587
+0284842528
+0086444032
+0000000000
+0000707107
+0000000000
+0000707104
+0000033333
02
-0012172587
+0284731456
+0086444032
+0000000000
+0000707107
+0000000000
+0000707104
+0000033333
02
-0012172587
+0284620352
+0086444032
+0000000000
+0000818891
+0000000000
-0000573946
+0000033333
03
-0012548206
+0285489248
+0086307440
+0000000000
+0000818891
+0000000000
-0000573946
+0000033333
03
-0012922679
+0286327040
+0086170496
+0000000000
+0000818891
+0000000000
-0000573946
+0000033333
03
-0013294861
+0287133664
+0086032840
+0000000000
+0000818891
+0000000000
-0000573946
+0000033333
03
-0013802972
+0288187136
+0085841320
+0000000000
+0000818891
+0000000000
-0000573946
+0000045979
03
-0014239737
+0289061888
+0085671936
+0000000000
+0000818891
+0000000000
-0000573946
+0000040147
03
-0014593972
+0289757088
+0085530488
+0000000000
+0000818891
+0000000000
-0000573946
+0000033333
03
-0014936919
+0290421152
+0085388616
+0000000000
+0000818891
+0000000000
-0000573946
+0000033333
03
-0015265306
+0291054080
+0085246992
+0000000000
+0000818891
+0000000000
-0000573946
+0000033333
03
-0015600491
+0291701920
+0085094800
+0000000000
+0000818891
+0000000000
-0000573946
+0000036031
03
-0015888897
+0292270144
+0084955440
+0000000000
+0000818891
+0000000000
-0000573946
+0000033333
03
-0016155607
+0292807264
+0084817792
+0000000000
+0000818891
+0000000000
-0000573946
+0000033333
03
-0016400620
+0293313248
+0084681880
+0000000000
+0000818891
+0000000000
-0000573946
+0000033333
03
-0016624006
+0293788096
+0084547920
+0000000000
+0000818891
+0000000000
-0000573946
+0000033333
03
-0016825882
+0294231808
+0084416032
+0000000000
+0000818891
+0000000000
-0000573946
+0000033333
03
-0017006208
+0294644480
+0084286560
+0000000000
+0000818891
+0000000000
-0000573946
+0000033333
03
-0017165048
+0295026016
+0084159416
+0000000000
+0000818891
+0000000000
-0000573946
+0000033333
03
-0017302400
+0295376480
+0084034600
+0000000000
+0000818891
+0000000000
-0000573946
+0000033333
03
-0017418266
+0295695808
+0083912112
+0000000000
+0000818891
+0000000000
-0000573946
+0000033333
03
-0017066434
+0296564704
+0083950808
+0000000000
+0000667337
+0000000000
+0000744754
+0000033333
04
-0016693256
+0297402464
+0083992536
+0000000000
+0000667337
+0000000000
+0000744754
+0000033333
04
-0016174273
+0298450688
+0084051440
+0000000000
+0000667337
+0000000000
+0000744754
+0000043848
04
-0015758397
+0299216416
+0084099248
+0000000000
+0000667337
+0000000000
+0000744754
+0000033333
04
-0015319349
+0299954272
+0084150696
+0000000000
+0000667337
+0000000000
+0000744754
+0000033486
04
-0014861703
+0300657664
+0084208592
+0000000000
+0000667337
+0000000000
+0000744754
+0000033333
04
-0014387011
+0301329952
+0084274336
+0000000000
+0000667337
+0000000000
+0000744754
+0000033333
04
-0013899922
+0301971072
+0084348480
+0000000000
+0000667337
+0000000000
+0000744754
+0000033333
04
-0013410216
+0302581120
+0084430656
+0000000000
+0000667337
+0000000000
+0000744754
+0000033333
04
-0012919158
+0303160032
+0084516984
+0000000000
+0000667337
+0000000000
+0000744754
+0000033333
04
-0012406673
+0303730336
+0084607080
+0000000000
+0000667337
+0000000000
+0000744754
+0000034787
04
-0011915615
+0304245728
+0084693408
+0000000000
+0000667337
+0000000000
+0000744754
+0000033333
04
-0011424557
+0304729984
+0084779728
+0000000000
+0000667337
+0000000000
+0000744754
+0000033333
04
-0010924604
+0305190784
+0084867672
+0000000000
+0000667337
+0000000000
+0000744754
+0000033943
04
-0010434116
+0305612256
+0084954184
+0000000000
+0000667337
+0000000000
+0000744754
+0000033333
04
-0009945570
+0306002560
+0085040304
+0000000000
+0000667337
+0000000000
+0000744754
+0000033333
04
-0009461425
+0306361824
+0085125448
+0000000000
+0000667337
+0000000000
+0000744754
+0000033333
04
-0008983882
+0306689952
+0085209120
+0000000000
+0000667337
+0000000000
+0000744754
+0000033333
04
-0008515582
+0306986944
+0085290736
+0000000000
+0000667337
+0000000000
+0000744754
+0000033333
04
-0008030543
+0307267712
+0085374616
+0000000000
+0000667337
+0000000000
+0000744754
+0000035457
04
-0007590414
+0307500480
+0085449944
+0000000000
+0000667337
+0000000000
+0000744754
+0000033333
04
-0007170091
+0307702144
+0085520848
+0000000000
+0000667337
+0000000000
+0000744754
+0000033333
04
-0006749710
+0307880928
+0085590328
+0000000000
+0000667337
+0000000000
+0000744754
+0000035319
04
-0006376559
+0308018560
+0085650544
+0000000000
+0000667337
+0000000000
+0000744754
+0000033333
04
-0005981704
+0308134272
+0085712272
+0000000000
+0000667337
+0000000000
+0000744754
+0000037651
04
-0005655722
+0308205632
+0085761352
+0000000000
+0000667337
+0000000000
+0000744754
+0000033333
04
-0005353060
+0308245856
+0085804768
+0000000000
+0000667337
+0000000000
+0000744754
+0000033367
04
-0005074332
+0308254944
+0085842448
+0000000000
+0000667337
+0000000000
+0000744754
+0000033333
04
-0004819233
+0308232896
+0085874424
+0000000000
+0000667337
+0000000000
+0000744754
+0000033333
04
-0004574693
+0308174912
+0085902208
+0000000000
+0000667337
+0000000000
+0000744754
+0000035225
04
-0004366916
+0308088928
+0085922792
+0000000000
+0000667337
+0000000000
+0000744754
+0000033333
04
-0004182767
+0307971808
+0085937672
+0000000000
+0000667337
+0000000000
+0000744754
+0000033333
04
-0004022311
+0307823616
+0085946880
+0000000000
+0000667337
+0000000000
+0000744754
+0000033333
04
-0003885528
+0307644288
+0085950456
+0000000000
+0000667337
+0000000000
+0000744754
+0000033333
04
-0003772283
+0307433824
+0085948592
+0000000000
+0000667337
+0000000000
+0000744754
+0000033333
04
-0003682556
+0307192256
+0085941576
+0000000000
+0000667337
+0000000000
+0000744754
+0000033333
04
-0003616377
+0306919552
+0085930440
+0000000000
+0000667337
+0000000000
+0000744754
+0000033333
04
-0003573316
+0306615776
+0085917200
+0000000000
+0000667337
+0000000000
+0000744754
+0000033333
04
-0003553351
+0306280896
+0085901904
+0000000000
+0000667337
+0000000000
+0000744754
+0000033333
04
-0003557695
+0305756224
+0085877816
+0000000000
+0000667337
+0000000000
+0000744754
+0000046260
04
-0003583920
+0305347040
+0085858392
+0000000000
+0000667337
+0000000000
+0000744754
+0000033333
04
-0003633260
+0304906752
+0085836832
+0000000000
+0000667337
+0000000000
+0000744754
+0000033333
04
-0003707723
+0304422592
+0085811984
+0000000000
+0000667337
+0000000000
+0000744754
+0000034174
04
-0003803821
+0303919296
+0085782904
+0000000000
+0000667337
+0000000000
+0000744754
+0000033333
04
-0003925395
+0303357536
+0085737368
+0000000000
+0000667337
+0000000000
+0000744754
+0000034944
04
-0004060217
+0302766368
+0085673432
+0000000000
+0000667337
+0000000000
+0000744754
+0000034678
04
-0004192067
+0302167008
+0085605008
+0000000000
+0000667337
+0000000000
+0000744754
+0000033333
04
-0004323915
+0301536512
+0085536592
+0000000000
+0000667337
+0000000000
+0000744754
+0000033333
04
-0004455764
+0300874880
+0085468168
+0000000000
+0000667337
+0000000000
+0000744754
+0000033333
04
-0004587612
+0300182144
+0085399752
+0000000000
+0000667337
+0000000000
+0000744754
+0000033333
04
-0004719460
+0299458304
+0085331328
+0000000000
+0000667337
+0000000000
+0000744754
+0000033333
04
-0004851309
+0298452992
+0085262912
+0000000000
+0000929370
+0000000000
+0000369145
+0000033333
04
-0004851309
+0298452992
+0085262912
+0000000000
+0000996473
+0000000000
-0000083890
+0000033409
01
-0004851309
+0298452992
+0085262912
+0000000000
+0000854572
+0000000000
-0000519330
+0000066375
01
-0004851309
+0298452992
+0085262912
+0000000000
+0000854572
+0000000000
-0000519330
+0000034268
01
-0004851309
+0298452992
+0085262912
+0000000000
+0000854572
+0000000000
-0000519330
+0000033333
01
-0004851309
+0298452992
+0085262912
+0000000000
+0000854572
+0000000000
-0000519330
+0000035781
01
-0004851309
+0298452992
+0085262912
+0000000000
+0000854572
+0000000000
-0000519330
+0000033333
01
-0004851309
+0298452992
+0085262912
+0000000000
+0000854572
+0000000000
-0000519330
+0000033333
01
-0004851309
+0298452992
+0085262912
+0000000000
+0000854572
+0000000000
-0000519330
+0000046061
01
-0004851309
+0298452992
+0085262912
+0000000000
+0000854572
+0000000000
-0000519330
+0000033333
01
-0004851309
+0298452992
+0085262912
+0000000000
+0000854572
+0000000000
-0000519330
+0000033333
01
-0004851309
+0298452992
+0085262912
+0000000000
+0000854572
+0000000000
-0000519330
+0000033333
01
-0004851309
+0298452992
+0085262912
+0000000000
+0000854572
+0000000000
-0000519330
+0000033333
01
-0004851309
+0298452992
+0085262912
+0000000000
+0000854572
+0000000000
-0000519330
+0000035158
01
-0004851309
+0298452992
+0085262912
+0000000000
+0000854572
+0000000000
-0000519330
+0000033333
01
-0004851309
+0298452992
+0085262912
+0000000000
+0000854572
+0000000000
-0000519330
+0000039271
01
-0004851309
+0298452992
+0085262912
+0000000000
+0000854572
+0000000000
-0000519330
+0000040824
01
