+0001400000
+0071153080
+0000110000
+0000000000
+0000000057
+0000000000
+0001000000
+0000033333
00
+0001400000
+0071153080
+0000140000
+0000000000
+0000000000
+0000000000
+0001000000
+0000033333
00
+0001400000
+0071153080
+0000200000
+0000000000
+0000000081
+0000000000
+0001000000
+0000033333
00
+0001400000
+0071153080
+0000300000
+0000000000
+0000000000
+0000000000
+0001000000
+0000033333
00
+0001400000
+0071153080
+0000450000
+0000000000
+0000000081
+0000000000
+0001000000
+0000033333
00
+0001400000
+0071153080
+0000659999
+0000000000
-0000000018
+0000000000
+0001000000
+0000033333
00
+0001400000
+0071153080
+0000939999
+0000000000
+0000000063
+0000000000
+0001000000
+0000033333
00
+0001400000
+0071153080
+0001300000
+0000000000
-0000000018
+0000000000
+0001000000
+0000033333
00
+0001400000
+0071153080
+0001750000
+0000000000
+0000000063
+0000000000
+0001000000
+0000033333
00
+0001400000
+0071153080
+0002452529
+0000000000
+0000000005
+0000000000
+0001000000
+0000043908
00
+0001400000
+0072021976
+0002985862
+0000000000
-0000000238
+0000000000
+0001000000
+0000033333
04
+0001400000
+0072859744
+0003519195
+0000000000
-0000000238
+0000000000
+0001000000
+0000033333
04
+0001400000
+0073666384
+0004052528
+0000000000
-0000000238
+0000000000
+0001000000
+0000033333
04
+0001400000
+0074441952
+0004585862
+0000000000
-0000000238
+0000000000
+0001000000
+0000033333
04
+0001400000
+0075186400
+0005119195
+0000000000
-0000000238
+0000000000
+0001000000
+0000033333
04
+0001400000
+0075899720
+0005652529
+0000000000
-0000000238
+0000000000
+0001000000
+0000033333
04
+0001400000
+0076744320
+0006320490
+0000000000
-0000000238
+0000000000
+0001000000
+0000041747
04
+0001400000
+0077387576
+0006853823
+0000000000
-0000000238
+0000000000
+0001000000
+0000033333
04
+0001400000
+0077999696
+0007387156
+0000000000
-0000000238
+0000000000
+0001000000
+0000033333
04
+0001400000
+0078669192
+0008007107
+0000000000
-0000000238
+0000000000
+0001000000
+0000038746
04
+0001400000
+0079214048
+0008540442
+0000000000
-0000000238
+0000000000
+0001000000
+0000033333
04
+0001400000
+0080225648
+0009433610
+0000000000
-0000000065
+0000000000
+0001000000
+0000039048
04
+0001400000
+0081058104
+0009966944
+0000000000
-0000000065
+0000000000
+0001000000
+0000033333
04
+0001400000
+0082020504
+0010612743
+0000000000
-0000000065
+0000000000
+0001000000
+0000040362
04
+0001400000
+0082784176
+0011146077
+0000000000
-0000000065
+0000000000
+0001000000
+0000033333
04
+0001400000
+0083518192
+0011680528
+0000000000
-0000000065
+0000000000
+0001000000
+0000033403
04
+0001400000
+0084219544
+0012213861
+0000000000
-0000000065
+0000000000
+0001000000
+0000033333
04
+0001400000
+0084889832
+0012747195
+0000000000
-0000000065
+0000000000
+0001000000
+0000033333
04
+0001400000
+0085703488
+0013435922
+0000000000
-0000000065
+0000000000
+0001000000
+0000043045
04
+0001400000
+0086302488
+0013969255
+0000000000
-0000000065
+0000000000
+0001000000
+0000033333
04
+0001400000
+0086870360
+0014502589
+0000000000
-0000000065
+0000000000
+0001000000
+0000033333
04
+0001400000
+0087407104
+0015035923
+0000000000
-0000000065
+0000000000
+0001000000
+0000033333
04
+0001400000
+0087912720
+0015569257
+0000000000
-0000000065
+0000000000
+0001000000
+0000033333
04
+0001400000
+0088402040
+0016120417
+0000000000
-0000000065
+0000000000
+0001000000
+0000034447
04
+0001400000
+0088844424
+0016653749
+0000000000
-0000000065
+0000000000
+0001000000
+0000033333
04
+0001400000
+0089263000
+0017197380
+0000000000
-0000000065
+0000000000
+0001000000
+0000033976
04
+0001400000
+0089642576
+0017635764
+0000000000
+0000000178
+0000000000
+0001000000
+0000033333
02
+0001400000
+0089531496
+0017635764
+0000000000
+0000999999
+0000000000
+0000000120
+0000033333
03
+0001399951
+0090400392
+0017236164
+0000000000
+0000999999
+0000000000
+0000000120
+0000033333
03
+0001399900
+0091275816
+0016819150
+0000000000
+0000999999
+0000000000
+0000000120
+0000034890
03
+0001399851
+0092081056
+0016423149
+0000000000
+0000999999
+0000000000
+0000000120
+0000033333
03
+0001399801
+0092855160
+0016031149
+0000000000
+0000999999
+0000000000
+0000000120
+0000033333
03
+0001399752
+0093598144
+0015645149
+0000000000
+0000999999
+0000000000
+0000000120
+0000033333
03
+0001399699
+0094357608
+0015241069
+0000000000
+0000999999
+0000000000
+0000000120
+0000035670
03
+0001399650
+0095036192
+0014874669
+0000000000
+0000999999
+0000000000
+0000000120
+0000033333
03
+0001399594
+0095763736
+0014476632
+0000000000
+0000999999
+0000000000
+0000000120
+0000037692
03
+0001399545
+0096376040
+0014142632
+0000000000
+0000999999
+0000000000
+0000000120
+0000033333
03
+0001399481
+0097120176
+0013735743
+0000000000
+0000999999
+0000000000
+0000000120
+0000043378
03
+0001399432
+0097660888
+0013444409
+0000000000
+0000999999
+0000000000
+0000000120
+0000033333
03
+0001399380
+0098199768
+0013157803
+0000000000
+0000999999
+0000000000
+0000000120
+0000035383
03
+0001399331
+0098676328
+0012909136
+0000000000
+0000999999
+0000000000
+0000000120
+0000033333
03
+0001399254
+0099344728
+0012554080
+0000000000
+0000999999
+0000000000
+0000000120
+0000052061
03
+0001399185
+0099880984
+0012266861
+0000000000
+0000999999
+0000000000
+0000000120
+0000046475
03
+0001399132
+0100258360
+0012068394
+0000000000
+0000999999
+0000000000
+0000000120
+0000035824
03
+0001399083
+0100578432
+0011905061
+0000000000
+0000999999
+0000000000
+0000000120
+0000033333
03
+0001399029
+0100891848
+0011749438
+0000000000
+0000999999
+0000000000
+0000000120
+0000036531
03
+0001398980
+0101146664
+0011628772
+0000000000
+0000999999
+0000000000
+0000000120
+0000033333
03
+0001398931
+0101370424
+0011529438
+0000000000
+0000999999
+0000000000
+0000000120
+0000033333
03
+0001398931
+0102356568
+0011799712
+0000000000
-0000000120
+0000000000
+0000999999
+0000038023
04
+0001398931
+0103189944
+0012057981
+0000000000
-0000000120
+0000000000
+0000999999
+0000033333
04
+0001398931
+0104073488
+0012367180
+0000000000
-0000000120
+0000000000
+0000999999
+0000036861
04
+0001398931
+0105205136
+0012819934
+0000000000
-0000000120
+0000000000
+0000999999
+0000050149
04
+0001398931
+0105926208
+0013142203
+0000000000
-0000000120
+0000000000
+0000999999
+0000033333
04
+0001398931
+0106717648
+0013539114
+0000000000
-0000000120
+0000000000
+0000999999
+0000038504
04
+0001398931
+0107371704
+0013904051
+0000000000
-0000000120
+0000000000
+0000999999
+0000033333
04
+0001398931
+0107994632
+0014290320
+0000000000
-0000000120
+0000000000
+0000999999
+0000033333
04
+0001398931
+0108753664
+0014793773
+0000000000
-0000000120
+0000000000
+0000999999
+0000043445
04
+0001398931
+0109304928
+0015180042
+0000000000
-0000000120
+0000000000
+0000999999
+0000033333
04
+0001398931
+0109887576
+0015616099
+0000000000
-0000000120
+0000000000
+0000999999
+0000037629
04
+0001398931
+0110451968
+0016070717
+0000000000
-0000000120
+0000000000
+0000999999
+0000039231
04
+0001398931
+0110900392
+0016456987
+0000000000
-0000000120
+0000000000
+0000999999
+0000033333
04
+0001398931
+0111317688
+0016843258
+0000000000
-0000000120
+0000000000
+0000999999
+0000033333
04
+0001399331
+0111703856
+0017229528
+0000000000
-0000000120
+0000000000
+0000999999
+0000033333
04
+0001400931
+0112058960
+0017615798
+0000000000
-0000000120
+0000000000
+0000999999
+0000033333
04
+0001404931
+0112382936
+0018002070
+0000000000
-0000000120
+0000000000
+0000999999
+0000033333
04
+0001412931
+0112675784
+0018388340
+0000000000
-0000000120
+0000000000
+0000999999
+0000033333
04
+0001436818
+0113084896
+0019047414
+0000000000
-0000000120
+0000000000
+0000999999
+0000056875
04
+0001464308
+0113332272
+0019521460
+0000000000
-0000000120
+0000000000
+0000999999
+0000040907
04
+0001497908
+0113502744
+0019907730
+0000000000
-0000000120
+0000000000
+0000999999
+0000033333
04
+0001545908
+0113642088
+0020294000
+0000000000
-0000000120
+0000000000
+0000999999
+0000033333
04
+0001611908
+0113750368
+0020680272
+0000000000
-0000000120
+0000000000
+0000999999
+0000033333
04
+0001699242
+0113827512
+0021066542
+0000000000
-0000000120
+0000000000
+0000999999
+0000033333
04
+0001807908
+0113873536
+0021452812
+0000000000
-0000000120
+0000000000
+0000999999
+0000033333
04
+0001937908
+0113888424
+0021839082
+0000000000
-0000000120
+0000000000
+0000999999
+0000033333
04
+0002089242
+0113872256
+0022225354
+0000000000
-0000000120
+0000000000
+0000999999
+0000033333
04
+0002261908
+0113824952
+0022611624
+0000000000
-0000000120
+0000000000
+0000999999
+0000033333
04
+0002477547
+0113733944
+0023040980
+0000000000
-0000000120
+0000000000
+0000999999
+0000037051
04
+0002692880
+0113620968
+0023427250
+0000000000
-0000000120
+0000000000
+0000999999
+0000033333
04
+0002929547
+0113476864
+0023813520
+0000000000
-0000000120
+0000000000
+0000999999
+0000033333
04
+0003187547
+0113301632
+0024199790
+0000000000
-0000000120
+0000000000
+0000999999
+0000033333
04
+0003466880
+0113095336
+0024586062
+0000000000
-0000000120
+0000000000
+0000999999
+0000033333
04
+0003746214
+0112857912
+0024972332
+0000000000
-0000000120
+0000000000
+0000999999
+0000033333
04
+0004030151
+0112583984
+0025365530
+0000000000
-0000000120
+0000000000
+0000999999
+0000033931
04
+0004307884
+0112283752
+0025751800
+0000000000
-0000000120
+0000000000
+0000999999
+0000033333
04
+0004583217
+0111952392
+0026138072
+0000000000
-0000000120
+0000000000
+0000999999
+0000033333
04
+0004854551
+0111589968
+0026524342
+0000000000
-0000000120
+0000000000
+0000999999
+0000033333
04
+0005119884
+0111196408
+0026910612
+0000000000
-0000000120
+0000000000
+0000999999
+0000033333
04
+0005376817
+0110771728
+0027296882
+0000000000
-0000000120
+0000000000
+0000999999
+0000033333
04
+0005622550
+0110315976
+0027683154
+0000000000
-0000000120
+0000000000
+0000999999
+0000033333
04
+0005853883
+0109829104
+0028069424
+0000000000
-0000000120
+0000000000
+0000999999
+0000033333
04
+0006067217
+0109311096
+0028455694
+0000000000
-0000000120
+0000000000
+0000999999
+0000033333
04
+0006259217
+0108761960
+0028841964
+0000000000
-0000000120
+0000000000
+0000999999
+0000033333
04
+0006431071
+0108177488
+0029230922
+0000000000
-0000000120
+0000000000
+0000999999
+0000033565
04
+0006580405
+0107565920
+0029617194
+0000000000
-0000000120
+0000000000
+0000999999
+0000033333
04
+0006727920
+0106653080
+0030062356
+0000000000
+0000053225
+0000000000
+0000998582
+0000038415
04
+0006194587
+0106653080
+0030062356
+0000000000
-0000224372
+0000000000
+0000974503
+0000033333
00
+0005583347
+0106653080
+0030062356
+0000000000
-0000401052
+0000000000
+0000916055
+0000038202
00
+0005050014
+0106653080
+0030062356
+0000000000
-0000511482
+0000000000
+0000859293
+0000033333
00
+0004516680
+0106653080
+0030062356
+0000000000
-0000580822
+0000000000
+0000814029
+0000033333
00
+0003983347
+0106653080
+0030062356
+0000000000
-0000624865
+0000000000
+0000780732
+0000033333
00
+0003450014
+0106653080
+0030062356
+0000000000
-0000653176
+0000000000
+0000757205
+0000033333
00
+0002916680
+0106653080
+0030062356
+0000000000
-0000671561
+0000000000
+0000740948
+0000033333
00
+0002383347
+0106653080
+0030062356
+0000000000
-0000683594
+0000000000
+0000729862
+0000033333
00
+0001850014
+0106653080
+0030062356
+0000000000
-0000691514
+0000000000
+0000722362
+0000033333
00
+0001136884
+0106653080
+0030062356
+0000000000
-0000696748
+0000000000
+0000717315
+0000044570
00
+0000603551
+0106653080
+0030062356
+0000000000
-0000700218
+0000000000
+0000713928
+0000033333
00
+0000070218
+0107521976
+0030062356
+0000000000
-0000710527
+0000000000
+0000703669
+0000033333
04
-0000463115
+0108359744
+0030062356
+0000000000
-0000710527
+0000000000
+0000703669
+0000033333
04
-0000996448
+0109166384
+0030062356
+0000000000
-0000710527
+0000000000
+0000703669
+0000033333
04
-0001529781
+0109941952
+0030062356
+0000000000
-0000710527
+0000000000
+0000703669
+0000033333
04
-0002101658
+0110737792
+0030062356
+0000000000
-0000710527
+0000000000
+0000703669
+0000035742
04
-0002634991
+0111448856
+0030062356
+0000000000
-0000710527
+0000000000
+0000703669
+0000033333
04
-0003168324
+0112128848
+0030062356
+0000000000
-0000710527
+0000000000
+0000703669
+0000033333
04
-0003784088
+0112872440
+0030062356
+0000000000
-0000710527
+0000000000
+0000703669
+0000038485
04
-0004317422
+0113485352
+0030062356
+0000000000
-0000710527
+0000000000
+0000703669
+0000033333
04
-0004850755
+0114067200
+0030062356
+0000000000
-0000710527
+0000000000
+0000703669
+0000033333
04
-0005384088
+0114617920
+0030062356
+0000000000
-0000710527
+0000000000
+0000703669
+0000033333
04
-0005917422
+0115137512
+0030062356
+0000000000
-0000710527
+0000000000
+0000703669
+0000033333
04
-0006450755
+0115625976
+0030062356
+0000000000
-0000710527
+0000000000
+0000703669
+0000033333
04
-0007017179
+0116109680
+0030062356
+0000000000
-0000710527
+0000000000
+0000703669
+0000035401
04
-0007550513
+0116534056
+0030062356
+0000000000
-0000710527
+0000000000
+0000703669
+0000033333
04
-0008364538
+0117109256
+0030062356
+0000000000
-0000710527
+0000000000
+0000703669
+0000050876
04
-0008897872
+0117455016
+0030062356
+0000000000
-0000710527
+0000000000
+0000703669
+0000033333
04
-0009431206
+0117769656
+0030062356
+0000000000
-0000710527
+0000000000
+0000703669
+0000033333
04
-0010057689
+0118648376
+0030062356
+0000000000
-0000707102
+0000000000
+0000707111
+0000033723
04
-0010591022
+0119485776
+0030062356
+0000000000
-0000707102
+0000000000
+0000707111
+0000033333
04
-0011124356
+0120292112
+0030062356
+0000000000
-0000707102
+0000000000
+0000707111
+0000033333
04
-0011657690
+0121067320
+0030062356
+0000000000
-0000707102
+0000000000
+0000707111
+0000033333
04
-0012191024
+0121811400
+0030062356
+0000000000
-0000707102
+0000000000
+0000707111
+0000033333
04
-0012724358
+0122524352
+0030062356
+0000000000
-0000707102
+0000000000
+0000707111
+0000033333
04
-0013271174
+0123222656
+0030062356
+0000000000
-0000707102
+0000000000
+0000707111
+0000034176
04
-0013804508
+0123872616
+0030062356
+0000000000
-0000707102
+0000000000
+0000707111
+0000033333
04
-0014396297
+0124555544
+0030062356
+0000000000
-0000707102
+0000000000
+0000707111
+0000036986
04
-0014929630
+0125139896
+0030062356
+0000000000
-0000707102
+0000000000
+0000707111
+0000033333
04
-0015462964
+0125693112
+0030062356
+0000000000
-0000707102
+0000000000
+0000707111
+0000033333
04
-0015996298
+0126215208
+0030062356
+0000000000
-0000707102
+0000000000
+0000707111
+0000033333
04
-0016529631
+0126706176
+0030062356
+0000000000
-0000707102
+0000000000
+0000707111
+0000033333
04
-0017062964
+0127166080
+0030062356
+0000000000
-0000707102
+0000000000
+0000707111
+0000033333
04
-0017612530
+0127606936
+0030062356
+0000000000
-0000707102
+0000000000
+0000707111
+0000034347
04
-0018145862
+0128003664
+0030062356
+0000000000
-0000707102
+0000000000
+0000707111
+0000033333
04
-0018748752
+0128412352
+0030062356
+0000000000
-0000707102
+0000000000
+0000707111
+0000037680
04
-0019282086
+0128742800
+0030062356
+0000000000
-0000707102
+0000000000
+0000707111
+0000033333
04
-0019815418
+0129042112
+0030062356
+0000000000
-0000707102
+0000000000
+0000707111
+0000033333
04
-0020348752
+0129310304
+0030062356
+0000000000
-0000707102
+0000000000
+0000707111
+0000033333
04
-0020437408
+0129547424
+0030062352
+0000000000
-0000707274
+0000000000
+0000706938
+0000033333
02
-0020437408
+0129436280
+0030062352
+0000000000
-0000707274
+0000000000
+0000706938
+0000033333
02
-0020437408
+0129325192
+0030062352
+0000000000
-0000707274
+0000000000
+0000706938
+0000033333
02
-0020437408
+0129214112
+0030062352
+0000000000
-0000707274
+0000000000
+0000706938
+0000033333
02
-0020437408
+0129086728
+0030062352
+0000000000
-0000707274
+0000000000
+0000706938
+0000035693
02
-0020437408
+0128975584
+0030062352
+0000000000
-0000707274
+0000000000
+0000706938
+0000033333
02
-0020437408
+0128835880
+0030062352
+0000000000
-0000707274
+0000000000
+0000706938
+0000037375
02
-0020437408
+0128724728
+0030062352
+0000000000
-0000707274
+0000000000
+0000706938
+0000033333
02
-0020437408
+0128613648
+0030062352
+0000000000
-0000707274
+0000000000
+0000706938
+0000033333
02
-0020437408
+0128502560
+0030062352
+0000000000
-0000707274
+0000000000
+0000706938
+0000033333
02
-0020437408
+0128391480
+0030062352
+0000000000
-0000707274
+0000000000
+0000706938
+0000033333
02
-0020437408
+0128280392
+0030062352
+0000000000
-0000707274
+0000000000
+0000706938
+0000033333
02
-0020437408
+0128156984
+0030062352
+0000000000
-0000707211
+0000000000
-0000707001
+0000035127
03
-0020037810
+0129025880
+0030062352
+0000000000
-0000707211
+0000000000
-0000707001
+0000033333
03
-0019639410
+0129863648
+0030062352
+0000000000
-0000707211
+0000000000
-0000707001
+0000033333
03
-0019243410
+0130670288
+0030062352
+0000000000
-0000707211
+0000000000
-0000707001
+0000033333
03
-0018851410
+0131445864
+0030062352
+0000000000
-0000707211
+0000000000
-0000707001
+0000033333
03
-0018465410
+0132190304
+0030062352
+0000000000
-0000707211
+0000000000
-0000707001
+0000033333
03
-0018087810
+0132903624
+0030062352
+0000000000
-0000707211
+0000000000
-0000707001
+0000033333
03
-0017721410
+0133585816
+0030062352
+0000000000
-0000707211
+0000000000
-0000707001
+0000033333
03
-0017369412
+0134236944
+0030062352
+0000000000
-0000707211
+0000000000
-0000707001
+0000033333
03
-0016978020
+0134957216
+0030062352
+0000000000
-0000707211
+0000000000
-0000707001
+0000039061
03
-0016665354
+0135540768
+0030062352
+0000000000
-0000707211
+0000000000
-0000707001
+0000033333
03
-0016374020
+0136093200
+0030062352
+0000000000
-0000707211
+0000000000
-0000707001
+0000033333
03
-0016988904
+0136962096
+0030062352
+0000000000
-0000707174
+0000000000
+0000707039
+0000033333
04
-0017522236
+0137799872
+0030062352
+0000000000
-0000707174
+0000000000
+0000707039
+0000033333
04
-0018055568
+0138606560
+0030062352
+0000000000
-0000707174
+0000000000
+0000707039
+0000033333
04
-0018588902
+0139382144
+0030062352
+0000000000
-0000707174
+0000000000
+0000707039
+0000033333
04
-0019122234
+0140126592
+0030062352
+0000000000
-0000707174
+0000000000
+0000707039
+0000033333
04
-0019675416
+0140865232
+0030062352
+0000000000
-0000707174
+0000000000
+0000707039
+0000034573
04
-0020208748
+0141546272
+0030062352
+0000000000
-0000707174
+0000000000
+0000707039
+0000033333
04
-0020437408
+0142295040
+0030062354
+0000000000
-0000707174
+0000000000
+0000707039
+0000038700
02
-0020437408
+0142183952
+0030062354
+0000000000
-0000707174
+0000000000
+0000707039
+0000033333
02
-0020437408
+0142067376
+0030062354
+0000000000
-0000707174
+0000000000
+0000707039
+0000034145
02
-0020437408
+0141956304
+0030062354
+0000000000
-0000707174
+0000000000
+0000707039
+0000033333
02
-0020437408
+0141845216
+0030062354
+0000000000
-0000707174
+0000000000
+0000707039
+0000033333
02
-0020437408
+0141734128
+0030062354
+0000000000
-0000707174
+0000000000
+0000707039
+0000033333
02
-0020437408
+0141623040
+0030062354
+0000000000
-0000707174
+0000000000
+0000707039
+0000033333
02
-0020437408
+0141511968
+0030062354
+0000000000
-0000707211
+0000000000
-0000707001
+0000033333
03
-0020037408
+0142380864
+0030062294
+0000000000
-0000707211
+0000000000
-0000707001
+0000033333
03
-0019627814
+0143237984
+0030062232
+0000000000
-0000707211
+0000000000
-0000707001
+0000034132
03
-0019227814
+0144043888
+0030062174
+0000000000
-0000707211
+0000000000
-0000707001
+0000033333
03
-0018827814
+0144818720
+0030062114
+0000000000
-0000707211
+0000000000
-0000707001
+0000033333
03
-0018427814
+0145562432
+0030062056
+0000000000
-0000707211
+0000000000
-0000707001
+0000033333
03
-0018027814
+0146275024
+0030061996
+0000000000
-0000707211
+0000000000
-0000707001
+0000033333
03
-0017627414
+0146956480
+0030061938
+0000000000
-0000707211
+0000000000
-0000707001
+0000033333
03
-0017225814
+0147606816
+0030061878
+0000000000
-0000707211
+0000000000
-0000707001
+0000033333
03
-0016814418
+0148236816
+0030061818
+0000000000
-0000707211
+0000000000
-0000707001
+0000033943
03
-0016406418
+0148824400
+0030061758
+0000000000
-0000707211
+0000000000
-0000707001
+0000033333
03
-0015992418
+0149380864
+0030061698
+0000000000
-0000707211
+0000000000
-0000707001
+0000033333
03
-0015570019
+0149906192
+0030061640
+0000000000
-0000707211
+0000000000
-0000707001
+0000033333
03
-0015136418
+0150400384
+0030061580
+0000000000
-0000707211
+0000000000
-0000707001
+0000033333
03
-0014688418
+0150863520
+0030061522
+0000000000
-0000707211
+0000000000
-0000707001
+0000033333
03
-0014222419
+0151295536
+0030061462
+0000000000
-0000707211
+0000000000
-0000707001
+0000033333
03
-0013735085
+0151696416
+0030061404
+0000000000
-0000707211
+0000000000
-0000707001
+0000033333
03
-0013226418
+0152066224
+0030061344
+0000000000
-0000707211
+0000000000
-0000707001
+0000033333
03
-0012696419
+0152404912
+0030061286
+0000000000
-0000707211
+0000000000
-0000707001
+0000033333
03
-0012065727
+0152761904
+0030061216
+0000000000
-0000707211
+0000000000
-0000707001
+0000039418
03
-0011532393
+0153032720
+0030061162
+0000000000
-0000707211
+0000000000
-0000707001
+0000033333
03
-0010999060
+0153272400
+0030061108
+0000000000
-0000707211
+0000000000
-0000707001
+0000033333
03
-0010414349
+0154141296
+0030061108
+0000000000
-0000707089
+0000000000
-0000707123
+0000033333
04
-0009881015
+0154979072
+0030061108
+0000000000
-0000707089
+0000000000
-0000707123
+0000033333
04
-0009347681
+0155785760
+0030061108
+0000000000
-0000707089
+0000000000
-0000707123
+0000033333
04
-0008814347
+0156561344
+0030061108
+0000000000
-0000707089
+0000000000
-0000707123
+0000033333
04
-0008252763
+0157343504
+0030061108
+0000000000
-0000707089
+0000000000
-0000707123
+0000035098
04
-0007719434
+0158055168
+0030061108
+0000000000
-0000707089
+0000000000
-0000707123
+0000033333
04
-0007186101
+0158735712
+0030061108
+0000000000
-0000707089
+0000000000
-0000707123
+0000033333
04
-0006652767
+0159385200
+0030061108
+0000000000
-0000707089
+0000000000
-0000707123
+0000033333
04
-0006111403
+0160012384
+0030061108
+0000000000
-0000707089
+0000000000
-0000707123
+0000033835
04
-0005578069
+0160599184
+0030061108
+0000000000
-0000707089
+0000000000
-0000707123
+0000033333
04
-0005044736
+0161154848
+0030061108
+0000000000
-0000707089
+0000000000
-0000707123
+0000033333
04
-0004511403
+0161679376
+0030061108
+0000000000
-0000707089
+0000000000
-0000707123
+0000033333
04
-0003978069
+0162172848
+0030061108
+0000000000
-0000707089
+0000000000
-0000707123
+0000033333
04
-0003444736
+0162635200
+0030061108
+0000000000
-0000707089
+0000000000
-0000707123
+0000033333
04
-0002911403
+0163066400
+0030061108
+0000000000
-0000707089
+0000000000
-0000707123
+0000033333
04
-0002378070
+0163466496
+0030061108
+0000000000
-0000707089
+0000000000
-0000707123
+0000033333
04
-0001844736
+0163835456
+0030061108
+0000000000
-0000707089
+0000000000
-0000707123
+0000033333
04
-0001311403
+0164173344
+0030061108
+0000000000
-0000707089
+0000000000
-0000707123
+0000033333
04
-0000778069
+0164480096
+0030061108
+0000000000
-0000707089
+0000000000
-0000707123
+0000033333
04
-0000244736
+0164755744
+0030061108
+0000000000
-0000707089
+0000000000
-0000707123
+0000033333
04
+0000037412
+0165000304
+0030061108
+0000000000
-0000707262
+0000000000
-0000706951
+0000033333
02
+0000037412
+0164889168
+0030061108
+0000000000
-0000707262
+0000000000
-0000706951
+0000033333
02
+0000037412
+0164778080
+0030061108
+0000000000
-0000707262
+0000000000
-0000706951
+0000033333
02
+0000037412
+0164666992
+0030061108
+0000000000
-0000707195
+0000000000
+0000707018
+0000033333
03
-0000362187
+0165535888
+0030061124
+0000000000
-0000707195
+0000000000
+0000707018
+0000033333
03
-0000760587
+0166373664
+0030061142
+0000000000
-0000707195
+0000000000
+0000707018
+0000033333
03
-0001262852
+0167386224
+0030061162
+0000000000
-0000707195
+0000000000
+0000707018
+0000042278
03
-0001654852
+0168153440
+0030061180
+0000000000
-0000707195
+0000000000
+0000707018
+0000033333
03
-0002040852
+0168889520
+0030061198
+0000000000
-0000707195
+0000000000
+0000707018
+0000033333
03
-0002418452
+0169594480
+0030061214
+0000000000
-0000707195
+0000000000
+0000707018
+0000033333
03
-0002784852
+0170268368
+0030061232
+0000000000
-0000707195
+0000000000
+0000707018
+0000033333
03
-0002024581
+0171137264
+0030061232
+0000000000
-0000707140
+0000000000
-0000707073
+0000033333
04
-0001491249
+0171975040
+0030061232
+0000000000
-0000707140
+0000000000
-0000707073
+0000033333
04
-0000934546
+0172815616
+0030061232
+0000000000
-0000707140
+0000000000
-0000707073
+0000034793
04
-0000401213
+0173589776
+0030061232
+0000000000
-0000707140
+0000000000
-0000707073
+0000033333
04
+0000037412
+0174332880
+0030061232
+0000000000
-0000707140
+0000000000
-0000707073
+0000033333
02
+0000037412
+0174221808
+0030061232
+0000000000
-0000707140
+0000000000
-0000707073
+0000033333
02
+0000037812
+0174079584
+0030061232
+0000000000
-0000707140
+0000000000
-0000707073
+0000033333
02
+0000037812
+0173906256
+0030061232
+0000000000
-0000707140
+0000000000
-0000707073
+0000033333
02
+0000037812
+0173795168
+0030061232
+0000000000
-0000707140
+0000000000
-0000707073
+0000033333
02
+0000037812
+0173652960
+0030061232
+0000000000
-0000707140
+0000000000
-0000707073
+0000033333
02
+0000037812
+0173479616
+0030061232
+0000000000
-0000707140
+0000000000
-0000707073
+0000033333
02
+0000037812
+0173275152
+0030061232
+0000000000
-0000707140
+0000000000
-0000707073
+0000033333
02
+0000037812
+0173039616
+0030061232
+0000000000
-0000707140
+0000000000
-0000707073
+0000033333
02
+0000037812
+0172772944
+0030061232
+0000000000
-0000707140
+0000000000
-0000707073
+0000033333
02
+0000037812
+0172475152
+0030061632
+0000000000
-0000707140
+0000000000
-0000707073
+0000033333
02
+0000037812
+0172146240
+0030063232
+0000000000
-0000707140
+0000000000
-0000707073
+0000033333
02
+0000037812
+0171641168
+0030068674
+0000000000
-0000707140
+0000000000
-0000707073
+0000045351
02
+0000037812
+0171238832
+0030076674
+0000000000
-0000707140
+0000000000
-0000707073
+0000033333
02
+0000037812
+0170805424
+0030090674
+0000000000
-0000707140
+0000000000
-0000707073
+0000033333
02
+0000037812
+0170340880
+0030113074
+0000000000
-0000707140
+0000000000
-0000707073
+0000033333
02
+0000037412
+0169845216
+0030146674
+0000000000
-0000707140
+0000000000
-0000707073
+0000033333
02
+0000037412
+0169733888
+0030146674
+0000000000
-0000707140
+0000000000
-0000707073
+0000033368
02
+0000037412
+0169622800
+0030146674
+0000000000
-0000707140
+0000000000
-0000707073
+0000033333
02
+0000037412
+0169511712
+0030146674
+0000000000
-0000707140
+0000000000
-0000707073
+0000033333
02
+0000037412
+0169396848
+0030146674
+0000000000
-0000707140
+0000000000
-0000707073
+0000033889
02
+0000037412
+0169285760
+0030146674
+0000000000
-0000707245
+0000000000
+0000706967
+0000033333
03
-0000362587
+0170154656
+0030147028
+0000000000
-0000707245
+0000000000
+0000706967
+0000033333
03
-0000787325
+0171042240
+0030148680
+0000000000
-0000707245
+0000000000
+0000706967
+0000035394
03
-0001187325
+0171846992
+0030152636
+0000000000
-0000707245
+0000000000
+0000706967
+0000033333
03
-0001587325
+0172620608
+0030160592
+0000000000
-0000707245
+0000000000
+0000706967
+0000033333
03
-0001987325
+0173363152
+0030174546
+0000000000
-0000707245
+0000000000
+0000706967
+0000033333
03
-0002387325
+0174074592
+0030196900
+0000000000
-0000707245
+0000000000
+0000706967
+0000033333
03
-0002787325
+0174754880
+0030230456
+0000000000
-0000707245
+0000000000
+0000706967
+0000033333
03
-0003187326
+0175404048
+0030278410
+0000000000
-0000707245
+0000000000
+0000706967
+0000033333
03
-0003587326
+0176022096
+0030344364
+0000000000
-0000707245
+0000000000
+0000706967
+0000033333
03
-0003987326
+0176609072
+0030431652
+0000000000
-0000707245
+0000000000
+0000706967
+0000033333
03
-0004387326
+0177164912
+0030540274
+0000000000
-0000707245
+0000000000
+0000706967
+0000033333
03
-0004787326
+0177689696
+0030670228
+0000000000
-0000707245
+0000000000
+0000706967
+0000033333
03
-0005187326
+0178183344
+0030821518
+0000000000
-0000707245
+0000000000
+0000706967
+0000033333
03
-0005587326
+0178645872
+0030994138
+0000000000
-0000707245
+0000000000
+0000706967
+0000033333
03
-0005987326
+0179077264
+0031188094
+0000000000
-0000707245
+0000000000
+0000706967
+0000033333
03
-0006387326
+0179477536
+0031403382
+0000000000
-0000707245
+0000000000
+0000706967
+0000033333
03
-0006787327
+0179846736
+0031640004
+0000000000
-0000707245
+0000000000
+0000706967
+0000033333
03
-0007187327
+0180184816
+0031897958
+0000000000
-0000707245
+0000000000
+0000706967
+0000033333
03
-0007596596
+0180498176
+0032183720
+0000000000
-0000707245
+0000000000
+0000706967
+0000034105
03
-0007996596
+0180773312
+0032484340
+0000000000
-0000707245
+0000000000
+0000706967
+0000033333
03
-0008417930
+0181017328
+0032806298
+0000000000
-0000707245
+0000000000
+0000706967
+0000033333
03
-0008839382
+0181230224
+0033133132
+0000000000
-0000707245
+0000000000
+0000706967
+0000033333
03
-0009258629
+0181411984
+0033462796
+0000000000
-0000707245
+0000000000
+0000706967
+0000033333
03
-0009675770
+0181562688
+0033795116
+0000000000
-0000707245
+0000000000
+0000706967
+0000033333
03
-0010099856
+0181684144
+0034137164
+0000000000
-0000707245
+0000000000
+0000706967
+0000034052
03
-0010543425
+0181775936
+0034499124
+0000000000
-0000707245
+0000000000
+0000706967
+0000035781
03
-0010954815
+0181830320
+0034838540
+0000000000
-0000707245
+0000000000
+0000706967
+0000033333
03
-0011364465
+0181853632
+0035180052
+0000000000
-0000707245
+0000000000
+0000706967
+0000033333
03
-0011772458
+0181845824
+0035523544
+0000000000
-0000707245
+0000000000
+0000706967
+0000033333
03
-0012198741
+0181803408
+0035885780
+0000000000
-0000707245
+0000000000
+0000706967
+0000034962
03
-0012603656
+0181731808
+0036232896
+0000000000
-0000707245
+0000000000
+0000706967
+0000033333
03
-0012984159
+0182600704
+0036613400
+0000000000
-0000382683
+0000000000
+0000923879
+0000033333
04
-0013350863
+0183438480
+0037000664
+0000000000
-0000382683
+0000000000
+0000923879
+0000033333
04
-0013707089
+0184245120
+0037397588
+0000000000
-0000382683
+0000000000
+0000923879
+0000033333
04
-0014052901
+0185020688
+0037803616
+0000000000
-0000382683
+0000000000
+0000923879
+0000033333
04
-0014388388
+0185765136
+0038218216
+0000000000
-0000382683
+0000000000
+0000923879
+0000033333
04
-0014713659
+0186478448
+0038640876
+0000000000
-0000382683
+0000000000
+0000923879
+0000033333
04
-0015042369
+0187188544
+0039089560
+0000000000
-0000382683
+0000000000
+0000923879
+0000034763
04
-0015347626
+0187838320
+0039526896
+0000000000
-0000382683
+0000000000
+0000923879
+0000033333
04
-0015643116
+0188456976
+0039970892
+0000000000
-0000382683
+0000000000
+0000923879
+0000033333
04
-0015929018
+0189044560
+0040421116
+0000000000
-0000382683
+0000000000
+0000923879
+0000033333
04
-0016205521
+0189601008
+0040877176
+0000000000
-0000382683
+0000000000
+0000923879
+0000033333
04
-0016472826
+0190126336
+0041338684
+0000000000
-0000382683
+0000000000
+0000923879
+0000033333
04
-0016731140
+0190620544
+0041805288
+0000000000
-0000382683
+0000000000
+0000923879
+0000033333
04
-0016980676
+0191083616
+0042276640
+0000000000
-0000382683
+0000000000
+0000923879
+0000033333
04
-0017226792
+0191524176
+0042762576
+0000000000
-0000382683
+0000000000
+0000923879
+0000034044
04
-0017459428
+0191924384
+0043242496
+0000000000
-0000382683
+0000000000
+0000923879
+0000033333
04
-0017683952
+0192293456
+0043726264
+0000000000
-0000382683
+0000000000
+0000923879
+0000033333
04
-0017900868
+0192631840
+0043735760
+0000000000
-0000000006
+0000000000
+0000999999
+0000033377
02
-0017900868
+0192520752
+0043735760
+0000000000
-0000000006
+0000000000
+0000999999
+0000033333
02
-0017900868
+0192409664
+0043735760
+0000000000
-0000000006
+0000000000
+0000999999
+0000033333
02
-0017900868
+0192298576
+0043735760
+0000000000
-0000000006
+0000000000
+0000999999
+0000033333
02
-0017900868
+0192187504
+0043735760
+0000000000
-0000000006
+0000000000
+0000999999
+0000033333
02
-0017900868
+0192076416
+0043735760
+0000000000
-0000000006
+0000000000
+0000999999
+0000033333
02
-0017900868
+0191965328
+0043735760
+0000000000
-0000000006
+0000000000
+0000999999
+0000033333
02
-0017900868
+0191848512
+0043735760
+0000000000
-0000000006
+0000000000
+0000999999
+0000034179
02
-0017900868
+0191677680
+0043735760
+0000000000
-0000000006
+0000000000
+0000999999
+0000041330
02
-0017900868
+0191566528
+0043735760
+0000000000
-0000923883
+0000000000
+0000382672
+0000033333
03
-0018183704
+0192435424
+0043453312
+0000000000
-0000923883
+0000000000
+0000382672
+0000033333
03
-0018492824
+0193347904
+0043145928
+0000000000
-0000923883
+0000000000
+0000382672
+0000036430
03
-0018775662
+0194151680
+0042867076
+0000000000
-0000923883
+0000000000
+0000382672
+0000033333
03
-0019065074
+0194941536
+0042585840
+0000000000
-0000923883
+0000000000
+0000382672
+0000034108
03
-0019347910
+0195682368
+0042316988
+0000000000
-0000923883
+0000000000
+0000382672
+0000033333
03
-0019630746
+0196392096
+0042056540
+0000000000
-0000923883
+0000000000
+0000382672
+0000033333
03
-0019933778
+0197116768
+0041789492
+0000000000
-0000923883
+0000000000
+0000382672
+0000035713
03
-0020216616
+0197762016
+0041554644
+0000000000
-0000923883
+0000000000
+0000382672
+0000033333
03
-0020499452
+0198376224
+0041337796
+0000000000
-0000923883
+0000000000
+0000382672
+0000033333
03
-0020782290
+0198959296
+0041142280
+0000000000
-0000923883
+0000000000
+0000382672
+0000033333
03
-0021065126
+0199511232
+0040946764
+0000000000
-0000923883
+0000000000
+0000382672
+0000033333
03
-0021347964
+0200032048
+0040751252
+0000000000
-0000923883
+0000000000
+0000382672
+0000033333
03
-0021630800
+0200521728
+0040555736
+0000000000
-0000923883
+0000000000
+0000382672
+0000033333
03
-0021930054
+0201005072
+0040348872
+0000000000
-0000923883
+0000000000
+0000382672
+0000035268
03
-0022212890
+0201430784
+0040153360
+0000000000
-0000923883
+0000000000
+0000382672
+0000033333
03
-0022514816
+0201849728
+0039944644
+0000000000
-0000923883
+0000000000
+0000382672
+0000035583
03
-0022797654
+0202211120
+0039749132
+0000000000
-0000923883
+0000000000
+0000382672
+0000033333
03
-0023080490
+0202541376
+0039553616
+0000000000
-0000923883
+0000000000
+0000382672
+0000033333
03
-0023374708
+0202851264
+0039350232
+0000000000
-0000923883
+0000000000
+0000382672
+0000034674
03
-0023657546
+0203118048
+0039154716
+0000000000
-0000923883
+0000000000
+0000382672
+0000033333
03
-0023940382
+0203353696
+0038959200
+0000000000
-0000923883
+0000000000
+0000382672
+0000033333
03
-0024223218
+0203558224
+0038763688
+0000000000
-0000923883
+0000000000
+0000382672
+0000033333
03
-0024610898
+0203780144
+0038495696
+0000000000
-0000923883
+0000000000
+0000382672
+0000045689
03
-0024893734
+0203910944
+0038300184
+0000000000
-0000923883
+0000000000
+0000382672
+0000033333
03
-0025339338
+0204039792
+0037992780
+0000000000
-0000923883
+0000000000
+0000382672
+0000052516
03
-0025622176
+0204090448
+0037798864
+0000000000
-0000923883
+0000000000
+0000382672
+0000033333
03
-0025905012
+0204110048
+0037607344
+0000000000
-0000923883
+0000000000
+0000382672
+0000033333
03
-0026187850
+0204098512
+0037419832
+0000000000
-0000923883
+0000000000
+0000382672
+0000033333
03
-0026187850
+0205170464
+0037838348
+0000000000
+0000000000
+0000000000
+0000999999
+0000041486
04
-0026187850
+0206000608
+0038183016
+0000000000
+0000000000
+0000000000
+0000999999
+0000033333
04
-0026187850
+0207141296
+0038700156
+0000000000
+0000000000
+0000000000
+0000999999
+0000048438
04
-0026187850
+0207933472
+0039090124
+0000000000
+0000000000
+0000000000
+0000999999
+0000035106
04
-0026187850
+0208654544
+0039478392
+0000000000
+0000000000
+0000000000
+0000999999
+0000033333
04
-0026187850
+0209344480
+0039887996
+0000000000
+0000000000
+0000000000
+0000999999
+0000033333
04
-0026187850
+0210039552
+0040343880
+0000000000
+0000000000
+0000000000
+0000999999
+0000035262
04
-0026187850
+0210665520
+0040796152
+0000000000
+0000000000
+0000000000
+0000999999
+0000033333
04
-0026187850
+0211260368
+0041269752
+0000000000
+0000000000
+0000000000
+0000999999
+0000033333
04
-0026187850
+0211824096
+0041764692
+0000000000
+0000000000
+0000000000
+0000999999
+0000033333
04
-0026187850
+0212356688
+0042280960
+0000000000
+0000000000
+0000000000
+0000999999
+0000033333
04
-0026187850
+0213065920
+0043057124
+0000000000
+0000000000
+0000000000
+0000999999
+0000048510
04
-0026187850
+0213522160
+0043590456
+0000000000
+0000000000
+0000000000
+0000999999
+0000033333
04
-0026187850
+0213947264
+0044123792
+0000000000
+0000000000
+0000000000
+0000999999
+0000033333
04
-0026187850
+0214345088
+0044662752
+0000000000
+0000000000
+0000000000
+0000999999
+0000033684
04
-0026187850
+0214707648
+0045196084
+0000000000
+0000000000
+0000000000
+0000999999
+0000033333
04
-0026187850
+0215039056
+0045729416
+0000000000
+0000000000
+0000000000
+0000999999
+0000033333
04
-0026187448
+0215339424
+0046262748
+0000000000
+0000000000
+0000000000
+0000999999
+0000033333
04
-0026185848
+0215608640
+0046796080
+0000000000
+0000000000
+0000000000
+0000999999
+0000033333
04
-0026181422
+0215868528
+0047386440
+0000000000
+0000000000
+0000000000
+0000999999
+0000036898
04
-0026171656
+0216108768
+0048037428
+0000000000
+0000000000
+0000000000
+0000999999
+0000040691
04
-0026157660
+0216274480
+0048570580
+0000000000
+0000000000
+0000000000
+0000999999
+0000033333
04
-0026132814
+0216420048
+0049162052
+0000000000
+0000000000
+0000000000
+0000999999
+0000036999
04
-0026099268
+0216520080
+0049694328
+0000000000
+0000000000
+0000000000
+0000999999
+0000033333
04
-0026051420
+0216589056
+0050225508
+0000000000
+0000000000
+0000000000
+0000999999
+0000033333
04
-0025985808
+0216626896
+0050754792
+0000000000
+0000000000
+0000000000
+0000999999
+0000033333
04
-0025893592
+0216631840
+0051316148
+0000000000
+0000000000
+0000000000
+0000999999
+0000035554
04
-0025777658
+0216600336
+0051882208
+0000000000
+0000000000
+0000000000
+0000999999
+0000036113
04
-0025650432
+0216540160
+0052400148
+0000000000
+0000000000
+0000000000
+0000999999
+0000033333
04
-0025503388
+0216448848
+0052912808
+0000000000
+0000000000
+0000000000
+0000999999
+0000033333
04
-0025275238
+0216265264
+0053607452
+0000000000
+0000000000
+0000000000
+0000999999
+0000045697
04
-0025089928
+0216100224
+0054107556
+0000000000
+0000000000
+0000000000
+0000999999
+0000033333
04
-0024886258
+0215904048
+0054600468
+0000000000
+0000000000
+0000000000
+0000999999
+0000033333
04
-0024664786
+0215676752
+0055085644
+0000000000
+0000000000
+0000000000
+0000999999
+0000033333
04
-0024419062
+0215409792
+0055576648
+0000000000
+0000000000
+0000000000
+0000999999
+0000034316
04
-0024158344
+0215112544
+0056054872
+0000000000
+0000000000
+0000000000
+0000999999
+0000034042
04
-0023887080
+0214790400
+0056514064
+0000000000
+0000000000
+0000000000
+0000999999
+0000033333
04
-0023600480
+0214437136
+0056963848
+0000000000
+0000000000
+0000000000
+0000999999
+0000033333
04
-0023299188
+0214052736
+0057403928
+0000000000
+0000000000
+0000000000
+0000999999
+0000033333
04
-0022983858
+0213637200
+0057834056
+0000000000
+0000000000
+0000000000
+0000999999
+0000033333
04
-0022655136
+0213190608
+0058254040
+0000000000
+0000000000
+0000000000
+0000999999
+0000033333
04
-0022272748
+0212651488
+0058712816
+0000000000
+0000000000
+0000000000
+0000999999
+0000037327
04
-0021919162
+0212138912
+0059112092
+0000000000
+0000000000
+0000000000
+0000999999
+0000033333
04
-0021554084
+0211595216
+0059500884
+0000000000
+0000000000
+0000000000
+0000999999
+0000033333
04
-0021178122
+0210753056
+0059879164
+0000000000
+0000130017
+0000000000
+0000991511
+0000033333
04
-0020644788
+0210753056
+0059879164
+0000000000
+0000341698
+0000000000
+0000939808
+0000033333
00
-0020111456
+0210753056
+0059879164
+0000000000
+0000474399
+0000000000
+0000880309
+0000033333
00
-0019578124
+0210753056
+0059879164
+0000000000
+0000557457
+0000000000
+0000830204
+0000033333
00
-0019044790
+0210753056
+0059879164
+0000000000
+0000609962
+0000000000
+0000792429
+0000033333
00
-0018511458
+0210753056
+0059879164
+0000000000
+0000643560
+0000000000
+0000765394
+0000033333
00
-0017978124
+0210753056
+0059879164
+0000000000
+0000665298
+0000000000
+0000746576
+0000033333
00
-0017444792
+0211621952
+0059879164
+0000000000
+0000727142
+0000000000
+0000686485
+0000033333
04
-0016911458
+0212459712
+0059879164
+0000000000
+0000727142
+0000000000
+0000686485
+0000033333
04
-0016350216
+0213306880
+0059879164
+0000000000
+0000727142
+0000000000
+0000686485
+0000035077
04
-0015816882
+0214080816
+0059879164
+0000000000
+0000727142
+0000000000
+0000686485
+0000033333
04
-0015283548
+0214823616
+0059879164
+0000000000
+0000727142
+0000000000
+0000686485
+0000033333
04
-0014750215
+0215535280
+0059879164
+0000000000
+0000727142
+0000000000
+0000686485
+0000033333
04
-0014216881
+0216215888
+0059879164
+0000000000
+0000727142
+0000000000
+0000686485
+0000033333
04
-0013683547
+0216865360
+0059879164
+0000000000
+0000727142
+0000000000
+0000686485
+0000033333
04
-0013150213
+0217483760
+0059879164
+0000000000
+0000727142
+0000000000
+0000686485
+0000033333
04
-0012616879
+0218071040
+0059879164
+0000000000
+0000727142
+0000000000
+0000686485
+0000033333
04
-0012083546
+0218627200
+0059879164
+0000000000
+0000727142
+0000000000
+0000686485
+0000033333
04
-0011550212
+0219152224
+0059879164
+0000000000
+0000727142
+0000000000
+0000686485
+0000033333
04
-0011016878
+0219646112
+0059879164
+0000000000
+0000727142
+0000000000
+0000686485
+0000033333
04
-0010418259
+0220161312
+0059879164
+0000000000
+0000727142
+0000000000
+0000686485
+0000037413
04
-0009714602
+0221030208
+0059879164
+0000000000
+0000707106
+0000000000
+0000707106
+0000033333
04
-0009181269
+0221867984
+0059879164
+0000000000
+0000707106
+0000000000
+0000707106
+0000033333
04
-0008647935
+0222674688
+0059879164
+0000000000
+0000707106
+0000000000
+0000707106
+0000033333
04
-0008114601
+0223450256
+0059879164
+0000000000
+0000707106
+0000000000
+0000707106
+0000033333
04
-0007581268
+0224194704
+0059879164
+0000000000
+0000707106
+0000000000
+0000707106
+0000033333
04
-0007047934
+0224908016
+0059879164
+0000000000
+0000707106
+0000000000
+0000707106
+0000033333
04
-0006390730
+0225739808
+0059879164
+0000000000
+0000707106
+0000000000
+0000707106
+0000041075
04
-0005857396
+0226383664
+0059879164
+0000000000
+0000707106
+0000000000
+0000707106
+0000033333
04
-0005324063
+0226996464
+0059879164
+0000000000
+0000707106
+0000000000
+0000707106
+0000033333
04
-0004790730
+0227578128
+0059879164
+0000000000
+0000707106
+0000000000
+0000707106
+0000033333
04
-0004257396
+0228128656
+0059879164
+0000000000
+0000707106
+0000000000
+0000707106
+0000033333
04
-0003724063
+0228648064
+0059879164
+0000000000
+0000707106
+0000000000
+0000707106
+0000033333
04
-0003190730
+0229136416
+0059879164
+0000000000
+0000707106
+0000000000
+0000707106
+0000033333
04
-0002657396
+0229593632
+0059879164
+0000000000
+0000707106
+0000000000
+0000707106
+0000033333
04
-0001951476
+0230144288
+0059879164
+0000000000
+0000707106
+0000000000
+0000707106
+0000044120
04
-0001418143
+0230529232
+0059879164
+0000000000
+0000707106
+0000000000
+0000707106
+0000033333
04
-0000884809
+0230883056
+0059879164
+0000000000
+0000707106
+0000000000
+0000707106
+0000033333
04
-0000351476
+0231205744
+0059879164
+0000000000
+0000707106
+0000000000
+0000707106
+0000033333
04
+0000181856
+0231497312
+0059879164
+0000000000
+0000707106
+0000000000
+0000707106
+0000033333
04
+0000715190
+0231757808
+0059879164
+0000000000
+0000707106
+0000000000
+0000707106
+0000033333
04
+0001248523
+0231987184
+0059879164
+0000000000
+0000707106
+0000000000
+0000707106
+0000033333
04
+0001790668
+0232188240
+0059879164
+0000000000
+0000707106
+0000000000
+0000707106
+0000033884
04
+0002324001
+0232354864
+0059879164
+0000000000
+0000707106
+0000000000
+0000707106
+0000033333
04
+0002857334
+0232490352
+0059879164
+0000000000
+0000707106
+0000000000
+0000707106
+0000033333
04
+0003390668
+0232594784
+0059879164
+0000000000
+0000707106
+0000000000
+0000707106
+0000033333
04
+0003963012
+0232671024
+0059879164
+0000000000
+0000707106
+0000000000
+0000707106
+0000035771
04
+0004496345
+0232710944
+0059879164
+0000000000
+0000707106
+0000000000
+0000707106
+0000033333
04
+0005029679
+0232719728
+0059879164
+0000000000
+0000707106
+0000000000
+0000707106
+0000033333
04
+0005563012
+0232697392
+0059879164
+0000000000
+0000707106
+0000000000
+0000707106
+0000033333
04
+0006096345
+0232643984
+0059879164
+0000000000
+0000707106
+0000000000
+0000707106
+0000033333
04
+0006629678
+0232559456
+0059879164
+0000000000
+0000707106
+0000000000
+0000707106
+0000033333
04
+0007163012
+0232443792
+0059879164
+0000000000
+0000707106
+0000000000
+0000707106
+0000033333
04
+0007750563
+0232278624
+0059879164
+0000000000
+0000707106
+0000000000
+0000707106
+0000036721
04
+0008283896
+0232097600
+0059879164
+0000000000
+0000707106
+0000000000
+0000707106
+0000033333
04
+0008817230
+0231885504
+0059879164
+0000000000
+0000707106
+0000000000
+0000707106
+0000033333
04
+0009350564
+0231642272
+0059879164
+0000000000
+0000707106
+0000000000
+0000707106
+0000033333
04
+0009883898
+0231367920
+0059879164
+0000000000
+0000707106
+0000000000
+0000707106
+0000033333
04
+0010416837
+0231062432
+0059899664
+0000000000
+0000707106
+0000000000
+0000707106
+0000033333
04
+0010948658
+0230725824
+0059939800
+0000000000
+0000707106
+0000000000
+0000707106
+0000033333
04
+0011478728
+0230358160
+0059998708
+0000000000
+0000707106
+0000000000
+0000707106
+0000033333
04
+0012006503
+0229959344
+0060075508
+0000000000
+0000707106
+0000000000
+0000707106
+0000033333
04
+0012531518
+0229529424
+0060169336
+0000000000
+0000707106
+0000000000
+0000707106
+0000033333
04
+0013053384
+0229053040
+0060279336
+0000000000
+0000682205
+0000000000
+0000731159
+0000033333
04
+0013586718
+0229053040
+0060812668
+0000000000
+0000590288
+0000000000
+0000807191
+0000033333
00
+0013586718
+0229053040
+0061346000
+0000000000
+0000408622
+0000000000
+0000912703
+0000033333
00
+0013586718
+0229053040
+0061879332
+0000000000
+0000276960
+0000000000
+0000960880
+0000033333
00
+0013586718
+0229053040
+0062412668
+0000000000
+0000185997
+0000000000
+0000982549
+0000033333
00
+0013586718
+0229053040
+0062946000
+0000000000
+0000124401
+0000000000
+0000992231
+0000033333
00
+0013586718
+0229053040
+0063479332
+0000000000
+0000083053
+0000000000
+0000996544
+0000033333
00
+0013586718
+0229939760
+0064024032
+0000000000
-0000041562
+0000000000
+0000999135
+0000034043
04
+0013586718
+0230776848
+0064557364
+0000000000
-0000041562
+0000000000
+0000999135
+0000033333
04
+0013586718
+0231582880
+0065090700
+0000000000
-0000041562
+0000000000
+0000999135
+0000033333
04
+0013586718
+0232357792
+0065624032
+0000000000
-0000041562
+0000000000
+0000999135
+0000033333
04
+0013586718
+0233101568
+0066157364
+0000000000
-0000041562
+0000000000
+0000999135
+0000033333
04
+0013586718
+0233889648
+0066750024
+0000000000
-0000041562
+0000000000
+0000999135
+0000037041
04
+0013586718
+0234567744
+0067283352
+0000000000
-0000041562
+0000000000
+0000999135
+0000033333
04
+0013586718
+0235221312
+0067822400
+0000000000
-0000041562
+0000000000
+0000999135
+0000033690
04
+0013586718
+0235836848
+0068355736
+0000000000
-0000041562
+0000000000
+0000999135
+0000033333
04
+0013607215
+0236421264
+0068888672
+0000000000
-0000041562
+0000000000
+0000999135
+0000033333
04
+0013647351
+0236974608
+0069420496
+0000000000
-0000041562
+0000000000
+0000999135
+0000033333
04
+0013709018
+0237519776
+0069975416
+0000000000
-0000041562
+0000000000
+0000999135
+0000034896
04
+0013785817
+0238009392
+0070503200
+0000000000
-0000041562
+0000000000
+0000999135
+0000033333
04
+0013879644
+0238467888
+0071028216
+0000000000
-0000041562
+0000000000
+0000999135
+0000033333
04
+0013989644
+0238895328
+0071550080
+0000000000
-0000041562
+0000000000
+0000999135
+0000033333
04
+0014114981
+0239291632
+0072068472
+0000000000
-0000041562
+0000000000
+0000999135
+0000033333
04
+0014255007
+0239657232
+0072583752
+0000000000
-0000041562
+0000000000
+0000999135
+0000033372
04
+0014408602
+0239991264
+0073094488
+0000000000
-0000041562
+0000000000
+0000999135
+0000033333
04
+0014589530
+0240317376
+0073644816
+0000000000
-0000041562
+0000000000
+0000999135
+0000036206
04
+0014768352
+0240586544
+0074147280
+0000000000
-0000041562
+0000000000
+0000999135
+0000033333
04
+0014958725
+0240824592
+0074645480
+0000000000
-0000041562
+0000000000
+0000999135
+0000033333
04
+0015159987
+0241031488
+0075139384
+0000000000
-0000041562
+0000000000
+0000999135
+0000033333
04
+0015371507
+0241207280
+0075628976
+0000000000
-0000041562
+0000000000
+0000999135
+0000033333
04
+0015592683
+0241351984
+0076114288
+0000000000
-0000041562
+0000000000
+0000999135
+0000033333
04
+0015822948
+0241465584
+0076595352
+0000000000
-0000041562
+0000000000
+0000999135
+0000033333
04
+0016124533
+0241562432
+0077253352
+0000000000
-0000041562
+0000000000
+0000999135
+0000045238
04
+0016338924
+0241602656
+0077741688
+0000000000
-0000041562
+0000000000
+0000999135
+0000033333
04
+0016338924
+0242471552
+0078276544
+0000000000
+0000000000
+0000000000
+0000999999
+0000033333
04
+0016338924
+0243309328
+0078809872
+0000000000
+0000000000
+0000000000
+0000999999
+0000033333
04
+0016338924
+0244115968
+0079343208
+0000000000
+0000000000
+0000000000
+0000999999
+0000033333
04
+0016338924
+0244891536
+0079876544
+0000000000
+0000000000
+0000000000
+0000999999
+0000033333
04
+0016338924
+0245635984
+0080135760
+0000000000
-0000000243
+0000000000
+0000999999
+0000033333
02
+0016338924
+0245524896
+0080135760
+0000000000
-0000000243
+0000000000
+0000999999
+0000033333
02
+0016338924
+0245413824
+0080135760
+0000000000
-0000000243
+0000000000
+0000999999
+0000033333
02
+0016338924
+0245302736
+0080135760
+0000000000
-0000000243
+0000000000
+0000999999
+0000033333
02
+0016338924
+0245174256
+0080135760
+0000000000
-0000000243
+0000000000
+0000999999
+0000035846
02
+0016338924
+0245063104
+0080135760
+0000000000
-0000000243
+0000000000
+0000999999
+0000033333
02
+0016338924
+0244952032
+0080135760
+0000000000
-0000000243
+0000000000
+0000999999
+0000033333
02
+0016338924
+0244840944
+0080135760
+0000000000
-0000000243
+0000000000
+0000999999
+0000033333
02
+0016338924
+0244729856
+0080135760
+0000000000
-0000000243
+0000000000
+0000999999
+0000033333
02
+0016338924
+0244608464
+0080135760
+0000000000
-0000000243
+0000000000
+0000999999
+0000034840
02
+0016338924
+0244497312
+0080135760
+0000000000
-0000000243
+0000000000
+0000999999
+0000033333
02
+0016338924
+0244386224
+0080135760
+0000000000
-0000000243
+0000000000
+0000999999
+0000033333
02
+0016338924
+0244275152
+0080135760
+0000000000
-0000000243
+0000000000
+0000999999
+0000033333
02
+0016338924
+0244145136
+0080135760
+0000000000
-0000999999
+0000000000
+0000000142
+0000036054
03
+0016338924
+0245026496
+0079730200
+0000000000
-0000999999
+0000000000
+0000000142
+0000033830
03
+0016338924
+0245863776
+0079331800
+0000000000
-0000999999
+0000000000
+0000000142
+0000033333
03
+0016338924
+0246669984
+0078935800
+0000000000
-0000999999
+0000000000
+0000000142
+0000033333
03
+0016338924
+0247560240
+0078482728
+0000000000
-0000999999
+0000000000
+0000000142
+0000038526
03
+0016338924
+0248299376
+0078096728
+0000000000
-0000999999
+0000000000
+0000000142
+0000033333
03
+0016338924
+0249139472
+0077644792
+0000000000
-0000999999
+0000000000
+0000000142
+0000039895
03
+0016338924
+0249810240
+0077278392
+0000000000
-0000999999
+0000000000
+0000000142
+0000033333
03
+0016338924
+0250449952
+0076926392
+0000000000
-0000999999
+0000000000
+0000000142
+0000033333
03
+0016338924
+0251231440
+0076490688
+0000000000
-0000999999
+0000000000
+0000000142
+0000043483
03
+0016338924
+0251799440
+0076178016
+0000000000
-0000999999
+0000000000
+0000000142
+0000033333
03
+0016338924
+0252336304
+0075886680
+0000000000
-0000999999
+0000000000
+0000000142
+0000033333
03
+0016338924
+0252842048
+0075616680
+0000000000
-0000999999
+0000000000
+0000000142
+0000033333
03
+0016338924
+0253316656
+0075368016
+0000000000
-0000999999
+0000000000
+0000000142
+0000033333
03
+0016338924
+0253760192
+0075140688
+0000000000
-0000999999
+0000000000
+0000000142
+0000033333
03
+0016338924
+0254172608
+0074934688
+0000000000
-0000999999
+0000000000
+0000000142
+0000033333
03
+0016338924
+0254553952
+0074750016
+0000000000
-0000999999
+0000000000
+0000000142
+0000033333
03
+0016338924
+0254922848
+0074577048
+0000000000
-0000999999
+0000000000
+0000000142
+0000035298
03
+0016338924
+0255240112
+0074435048
+0000000000
-0000999999
+0000000000
+0000000142
+0000033333
03
+0016338924
+0255526240
+0074314384
+0000000000
-0000999999
+0000000000
+0000000142
+0000033333
03
+0016338924
+0256395136
+0074617280
+0000000000
-0000000030
+0000000000
+0000999999
+0000033333
04
+0016338924
+0257232912
+0074941504
+0000000000
-0000000030
+0000000000
+0000999999
+0000033333
04
+0016338924
+0258039552
+0075287072
+0000000000
-0000000030
+0000000000
+0000999999
+0000033333
04
+0016338924
+0258815056
+0075653968
+0000000000
-0000000030
+0000000000
+0000999999
+0000033333
04
+0016338924
+0259559504
+0076042200
+0000000000
-0000000030
+0000000000
+0000999999
+0000033333
04
+0016338924
+0260272832
+0076451760
+0000000000
-0000000030
+0000000000
+0000999999
+0000033333
04
+0016338924
+0260955072
+0076882656
+0000000000
-0000000030
+0000000000
+0000999999
+0000033333
04
+0016338924
+0261606208
+0077334888
+0000000000
-0000000030
+0000000000
+0000999999
+0000033333
04
+0016338924
+0262226192
+0077808448
+0000000000
-0000000030
+0000000000
+0000999999
+0000033333
04
+0016338924
+0262839168
+0078324776
+0000000000
-0000000030
+0000000000
+0000999999
+0000034776
04
+0016338924
+0263395632
+0078841000
+0000000000
-0000000030
+0000000000
+0000999999
+0000033333
04
+0016338924
+0263920960
+0079374336
+0000000000
-0000000030
+0000000000
+0000999999
+0000033333
04
+0016338924
+0264415168
+0079907672
+0000000000
-0000000030
+0000000000
+0000999999
+0000033333
04
+0016338923
+0264878288
+0080135760
+0000000000
+0000000213
+0000000000
+0000999999
+0000033333
02
+0016338923
+0264767216
+0080135760
+0000000000
+0000000213
+0000000000
+0000999999
+0000033333
02
+0016338923
+0264656128
+0080135760
+0000000000
+0000000213
+0000000000
+0000999999
+0000033333
02
+0016338923
+0264545040
+0080135760
+0000000000
+0000000213
+0000000000
+0000999999
+0000033333
02
+0016338923
+0264433952
+0080135760
+0000000000
+0000000213
+0000000000
+0000999999
+0000033333
02
+0016338923
+0264322880
+0080135760
+0000000000
+0000000213
+0000000000
+0000999999
+0000033333
02
+0016338923
+0264211792
+0080135760
+0000000000
+0000000213
+0000000000
+0000999999
+0000033333
02
+0016338923
+0264100704
+0080135760
+0000000000
+0000000213
+0000000000
+0000999999
+0000033333
02
+0016338923
+0263989632
+0080135760
+0000000000
+0000000213
+0000000000
+0000999999
+0000033333
02
+0016338923
+0263878544
+0080135760
+0000000000
+0000000213
+0000000000
+0000999999
+0000033333
02
+0016338923
+0263767456
+0080135760
+0000000000
+0000000213
+0000000000
+0000999999
+0000033333
02
+0016338923
+0263656368
+0080135760
+0000000000
+0000000213
+0000000000
+0000999999
+0000033333
02
+0016338923
+0263294624
+0080135760
+0000000000
+0000000213
+0000000000
+0000999999
+0000060145
02
+0016338923
+0263183472
+0080135760
+0000000000
+0000000213
+0000000000
+0000999999
+0000033333
02
+0016338923
+0263072384
+0080135760
+0000000000
+0000999999
+0000000000
+0000000085
+0000033333
03
+0016338894
+0263941280
+0079735752
+0000000000
+0000999999
+0000000000
+0000000085
+0000033333
03
+0016338865
+0264779056
+0079335752
+0000000000
+0000999999
+0000000000
+0000000085
+0000033333
03
+0016338837
+0265585696
+0078935752
+0000000000
+0000999999
+0000000000
+0000000085
+0000033333
03
+0016338808
+0266361200
+0078535752
+0000000000
+0000999999
+0000000000
+0000000085
+0000033333
03
+0016338779
+0267105648
+0078135752
+0000000000
+0000999999
+0000000000
+0000000085
+0000033333
03
+0016338751
+0267818976
+0077735752
+0000000000
+0000999999
+0000000000
+0000000085
+0000033333
03
+0016338722
+0268501216
+0077335744
+0000000000
+0000999999
+0000000000
+0000000085
+0000033333
03
+0016338293
+0269152352
+0076935744
+0000000000
+0000999999
+0000000000
+0000000085
+0000033333
03
+0016336664
+0269772352
+0076535744
+0000000000
+0000999999
+0000000000
+0000000085
+0000033333
03
+0016332636
+0270361216
+0076135744
+0000000000
+0000999999
+0000000000
+0000000085
+0000033333
03
+0016324606
+0270918944
+0075735744
+0000000000
+0000999999
+0000000000
+0000000085
+0000033333
03
+0016310577
+0271445632
+0075335736
+0000000000
+0000999999
+0000000000
+0000000085
+0000033333
03
+0016288149
+0271941152
+0074935736
+0000000000
+0000999999
+0000000000
+0000000085
+0000033333
03
+0015545584
+0272946912
+0074935736
+0000000000
+0000707106
+0000000000
-0000707106
+0000038812
04
+0015012250
+0273779552
+0074935736
+0000000000
+0000707106
+0000000000
-0000707106
+0000033333
04
+0014478916
+0274581056
+0074935736
+0000000000
+0000707106
+0000000000
-0000707106
+0000033333
04
+0013945582
+0275351488
+0074935736
+0000000000
+0000707106
+0000000000
-0000707106
+0000033333
04
+0013412249
+0276090816
+0074935736
+0000000000
+0000707106
+0000000000
-0000707106
+0000033333
04
+0012952587
+0276799072
+0074935736
+0000000000
+0000707106
+0000000000
-0000707106
+0000033333
02
+0012952587
+0276688000
+0074935736
+0000000000
+0000707106
+0000000000
-0000707106
+0000033333
02
+0012952587
+0276576896
+0074935736
+0000000000
+0000707106
+0000000000
-0000707106
+0000033333
02
+0012952587
+0276465824
+0074935736
+0000000000
+0000707106
+0000000000
-0000707106
+0000033333
02
+0012952587
+0276341376
+0074935736
+0000000000
+0000707278
+0000000000
+0000706933
+0000035277
03
+0013352187
+0277210272
+0074935728
+0000000000
+0000707278
+0000000000
+0000706933
+0000033333
03
+0013750587
+0278048032
+0074935720
+0000000000
+0000707278
+0000000000
+0000706933
+0000033333
03
+0014146587
+0278854752
+0074935712
+0000000000
+0000707278
+0000000000
+0000706933
+0000033333
03
+0014538588
+0279630240
+0074935704
+0000000000
+0000707278
+0000000000
+0000706933
+0000033333
03
+0014924587
+0280374688
+0074935696
+0000000000
+0000707278
+0000000000
+0000706933
+0000033333
03
+0015302187
+0281088000
+0074935688
+0000000000
+0000707278
+0000000000
+0000706933
+0000033333
03
+0015668587
+0281770272
+0074935688
+0000000000
+0000707278
+0000000000
+0000706933
+0000033333
03
+0016020586
+0282421376
+0074935680
+0000000000
+0000707278
+0000000000
+0000706933
+0000033333
03
+0016412373
+0283142336
+0074935672
+0000000000
+0000707278
+0000000000
+0000706933
+0000039100
03
+0016725039
+0283725824
+0074935664
+0000000000
+0000707278
+0000000000
+0000706933
+0000033333
03
+0017016372
+0284278208
+0074935656
+0000000000
+0000707278
+0000000000
+0000706933
+0000033333
03
+0017286374
+0284799424
+0074935648
+0000000000
+0000707278
+0000000000
+0000706933
+0000033333
03
+0017535040
+0285289600
+0074935640
+0000000000
+0000707278
+0000000000
+0000706933
+0000033333
03
+0017762372
+0285748672
+0074935632
+0000000000
+0000707278
+0000000000
+0000706933
+0000033333
03
+0017968372
+0286176640
+0074935624
+0000000000
+0000707278
+0000000000
+0000706933
+0000033333
03
+0018153040
+0286573472
+0074935616
+0000000000
+0000707278
+0000000000
+0000706933
+0000033333
03
+0018316374
+0286939200
+0074935608
+0000000000
+0000707278
+0000000000
+0000706933
+0000033333
03
+0018463278
+0287284288
+0074935600
+0000000000
+0000707278
+0000000000
+0000706933
+0000034484
03
+0018108580
+0288153184
+0074935600
+0000000000
+0000707106
+0000000000
-0000707106
+0000033333
04
+0017732548
+0288990976
+0074935600
+0000000000
+0000707106
+0000000000
-0000707106
+0000033333
04
+0017335182
+0289797600
+0074935600
+0000000000
+0000707106
+0000000000
-0000707106
+0000033333
04
+0016916482
+0290573120
+0074935600
+0000000000
+0000707106
+0000000000
-0000707106
+0000033333
04
+0016476452
+0291317568
+0074935600
+0000000000
+0000707106
+0000000000
-0000707106
+0000033333
04
+0016015087
+0292030880
+0074935600
+0000000000
+0000707106
+0000000000
-0000707106
+0000033333
04
+0015532389
+0292713120
+0074935600
+0000000000
+0000707106
+0000000000
-0000707106
+0000033333
04
+0015028357
+0293364256
+0074935600
+0000000000
+0000707106
+0000000000
-0000707106
+0000033333
04
+0014489769
+0294024480
+0074935600
+0000000000
+0000707106
+0000000000
-0000707106
+0000035618
04
+0013985737
+0294611200
+0074935600
+0000000000
+0000707106
+0000000000
-0000707106
+0000033333
04
+0013482105
+0295166880
+0074935600
+0000000000
+0000707106
+0000000000
-0000707106
+0000033333
04
+0012979673
+0295691392
+0074935600
+0000000000
+0000707106
+0000000000
-0000707106
+0000033333
04
+0012479641
+0296184800
+0074935600
+0000000000
+0000707106
+0000000000
-0000707106
+0000033333
04
+0011983609
+0296647104
+0074935600
+0000000000
+0000707106
+0000000000
-0000707106
+0000033333
04
+0011493577
+0297078304
+0074935600
+0000000000
+0000707106
+0000000000
-0000707106
+0000033333
04
+0011011945
+0297478400
+0074935600
+0000000000
+0000707106
+0000000000
-0000707106
+0000033333
04
+0010541512
+0297847424
+0074935600
+0000000000
+0000707106
+0000000000
-0000707106
+0000033333
04
+0010085481
+0298185312
+0074935600
+0000000000
+0000707106
+0000000000
-0000707106
+0000033333
04
+0009647449
+0298492064
+0074935600
+0000000000
+0000707106
+0000000000
-0000707106
+0000033333
04
+0009230750
+0298767712
+0074935600
+0000000000
+0000707106
+0000000000
-0000707106
+0000033333
04
+0008835384
+0299012192
+0074935600
+0000000000
+0000707106
+0000000000
-0000707106
+0000033333
04
+0008461352
+0299225600
+0074935600
+0000000000
+0000707106
+0000000000
-0000707106
+0000033333
04
+0008108654
+0299407904
+0074935600
+0000000000
+0000707106
+0000000000
-0000707106
+0000033333
04
+0007777289
+0299559072
+0074935600
+0000000000
+0000707106
+0000000000
-0000707106
+0000033333
04
+0007467257
+0299679200
+0074956936
+0000000000
+0000707106
+0000000000
-0000707106
+0000033333
04
+0007178558
+0299768192
+0074999592
+0000000000
+0000707106
+0000000000
-0000707106
+0000033333
04
+0006823661
+0299831488
+0075084552
+0000000000
+0000707106
+0000000000
-0000707106
+0000044246
04
+0006577629
+0299848032
+0075169880
+0000000000
+0000707106
+0000000000
-0000707106
+0000033333
04
+0006352930
+0299833504
+0075276552
+0000000000
+0000707106
+0000000000
-0000707106
+0000033333
04
+0006149565
+0299787840
+0075404552
+0000000000
+0000707106
+0000000000
-0000707106
+0000033333
04
+0005967533
+0299711072
+0075553880
+0000000000
+0000707106
+0000000000
-0000707106
+0000033333
04
+0005806834
+0299603136
+0075724552
+0000000000
+0000707106
+0000000000
-0000707106
+0000033333
04
+0005667469
+0299464160
+0075916552
+0000000000
+0000707106
+0000000000
-0000707106
+0000033333
04
+0005527179
+0299292736
+0076131304
+0000000000
+0000707106
+0000000000
-0000707106
+0000033554
04
+0005387814
+0299091296
+0076365968
+0000000000
+0000707106
+0000000000
-0000707106
+0000033333
04
+0005248449
+0298858752
+0076621960
+0000000000
+0000707106
+0000000000
-0000707106
+0000033333
04
+0005109083
+0298595104
+0076899296
+0000000000
+0000707106
+0000000000
-0000707106
+0000033333
04
+0004969718
+0298300352
+0077197968
+0000000000
+0000707106
+0000000000
-0000707106
+0000033333
04
+0004830353
+0297974496
+0077517968
+0000000000
+0000707106
+0000000000
-0000707106
+0000033333
04
+0004690988
+0297617568
+0077859296
+0000000000
+0000707106
+0000000000
-0000707106
+0000033333
04
+0004551623
+0297229504
+0078221960
+0000000000
+0000707106
+0000000000
-0000707106
+0000033333
04
+0004412257
+0296810304
+0078605968
+0000000000
+0000707106
+0000000000
-0000707106
+0000033333
04
+0004272892
+0296360000
+0078989968
+0000000000
+0000707106
+0000000000
-0000707106
+0000033333
04
+0004133525
+0295878528
+0079373968
+0000000000
+0000707106
+0000000000
-0000707106
+0000033333
04
+0003990505
+0295351744
+0079768040
+0000000000
+0000707106
+0000000000
-0000707106
+0000034207
04
+0003851140
+0294807264
+0080152048
+0000000000
+0000707106
+0000000000
-0000707106
+0000033333
04
+0003698206
+0294172352
+0080573432
+0000000000
+0000707106
+0000000000
-0000707106
+0000036578
04
+0003558841
+0293562624
+0080957432
+0000000000
+0000707106
+0000000000
-0000707106
+0000033333
04
+0003419475
+0292921824
+0081341440
+0000000000
+0000707106
+0000000000
-0000707106
+0000033333
04
+0003280110
+0291952992
+0081725440
+0000000000
+0000549380
+0000000000
-0000835571
+0000033333
04
+0003280110
+0291952992
+0081725440
+0000000000
+0000368921
+0000000000
-0000929459
+0000033333
01
+0003280110
+0291952992
+0081725440
+0000000000
+0000173196
+0000000000
-0000984886
+0000033333
01
+0003280110
+0291952992
+0081725440
+0000000000
+0000173196
+0000000000
-0000984886
+0000033333
01
+0003280110
+0291952992
+0081725440
+0000000000
+0000173196
+0000000000
-0000984886
+0000033333
01
+0003280110
+0291952992
+0081725440
+0000000000
+0000173196
+0000000000
-0000984886
+0000035901
01
+0003280110
+0291952992
+0081725440
+0000000000
+0000173196
+0000000000
-0000984886
+0000033333
01
+0003280110
+0291952992
+0081725440
+0000000000
+0000173196
+0000000000
-0000984886
+0000033333
01
+0003280110
+0291952992
+0081725440
+0000000000
+0000173196
+0000000000
-0000984886
+0000033333
01
+0003280110
+0291952992
+0081725440
+0000000000
+0000173196
+0000000000
-0000984886
+0000033333
01
+0003280110
+0291952992
+0081725440
+0000000000
+0000173196
+0000000000
-0000984886
+0000033333
01
+0003280110
+0291952992
+0081725440
+0000000000
+0000173196
+0000000000
-0000984886
+0000033333
01
+0003280110
+0291952992
+0081725440
+0000000000
+0000173196
+0000000000
-0000984886
+0000033333
01
+0003280110
+0291952992
+0081725440
+0000000000
+0000173196
+0000000000
-0000984886
+0000041183
01
+0003280110
+0291952992
+0081725440
+0000000000
+0000173196
+0000000000
-0000984886
+0000033333
01
+0003280110
+0291952992
+0081725440
+0000000000
+0000173196
+0000000000
-0000984886
+0000043183
01
+0003280110
+0291952992
+0081725440
+0000000000
+0000173196
+0000000000
-0000984886
+0000033333
01
+0003280110
+0291952992
+0081725440
+0000000000
+0000173196
+0000000000
-0000984886
+0000033333
01
